892.852 306.465 13.7394
10.0 306.465 13.7394 -3.07794169718 3.31793190689
30.0 306.475 13.7283 -2.78555950982 3.83435341116
50.0 306.494 13.7102 -4.55303765475 4.82515100922
70.0 306.522 13.685 -4.5494359536 4.70995344613
90.0 306.564 13.6484 -5.73280545312 5.26743347596
110.0 306.644 13.5816 -4.73834728777 7.56784184084
130.0 306.789 13.4722 -5.40153971025 7.96917466444
150.0 306.864 13.4217 -4.73616715873 8.44362186456
170.0 306.927 13.38 -5.57039847279 7.58714892973
190.0 306.99 13.3383 -5.29332416124 9.37331559048
210.0 307.043 13.2979 -5.30743270963 8.86688528612
230.0 307.095 13.2577 -4.83294905146 8.83712839726
250.0 307.128 13.2307 -4.09794366823 10.1226234212
270.0 307.149 13.212 -3.97494664673 9.26542904976
290.0 307.177 13.1838 -4.16157750206 9.4764930814
310.0 307.216 13.1372 -4.81513596439 9.38114281691
331.688 307.259 13.0893 -5.2082364965 9.33667892551
356.753 307.298 13.0574 -5.02185512347 11.3246457057
385.195 307.343 13.0215 -3.90094032497 10.054289447
417.013 307.395 12.9827 -3.86109098122 10.6004888372
452.208 307.45 12.9446 -3.76749796592 10.2329540145
490.779 307.501 12.9141 -2.57620776301 11.70441652
532.727 307.553 12.8795 -1.48470725217 10.6980460774
578.052 307.625 12.8261 -2.7790895231 10.9648038855
626.753 307.724 12.7608 -2.11056090238 10.6451319867
678.831 307.834 12.6877 -1.34832338247 12.3925169956
734.286 307.942 12.595 -1.57596881749 11.3309562032
793.117 308.051 12.5138 -0.634735575686 12.3362919389
855.325 308.191 12.4273 0.844048462541 11.4537881416
920.909 308.403 12.2755 1.22177993234 11.575457844
989.87 308.681 12.0777 1.91520297239 12.5187103486
1062.21 309.012 11.8039 3.08199524352 11.5023123643
1137.92 309.328 11.4652 3.10732788092 12.9762508572
1217.01 309.673 11.0502 5.42569709214 12.7443783522
1299.48 310.02 10.5741 4.95500122981 13.0553248578
1385.32 310.416 9.98716 6.60295136056 11.3573428239
1474.55 310.854 9.41205 6.58557441057 12.1470532668
1567.14 311.25 8.9559 7.91453983468 10.570889766
1663.12 311.55 8.53037 7.78846583951 11.4098125253
1762.47 311.97 7.84578 7.98195283894 10.0190593602
1865.19 312.338 7.29615 9.44120929799 9.55163775787
1971.3 312.853 6.70909 10.1547024322 9.3011711741
2080.78 313.116 6.2318 11.2876928512 9.93967800046
2193.64 313.309 5.9279 10.5685123359 9.37974323257
2309.87 313.701 5.41552 11.1917069944 8.299567476
2429.48 314.066 5.03534 11.5691646081 8.16800490688
2552.47 314.299 4.9296 12.1464449067 8.68714690079
2678.83 314.48 4.72413 12.7206692259 8.14377990994
2808.57 314.671 4.57608 14.0129042239 8.03078170765
2941.69 314.887 4.41032 14.7481456684 8.27881952974
3078.18 315.097 4.24994 14.6184880504 7.69645548158
3218.05 315.343 4.0399 16.4149430145 8.44890268603
3361.3 315.637 3.98217 15.8684328506 7.23577978691
3507.92 315.81 3.77932 16.5097030513 8.00378598074
3657.92 316.142 3.44303 17.6653609416 7.50622609794
3811.3 316.684 3.25461 18.0799715408 6.40317541924
3968.05 317.238 2.92848 17.7331188007 7.86577967682
4128.18 317.801 2.6217 19.1919229724 7.38134598732
4291.69 318.391 2.3874 20.3831714833 7.44123642376
4458.57 318.86 2.31662 21.2053546294 7.16017987876
4628.83 319.408 2.0143 22.5996645921 6.54256848395
4802.47 319.954 1.94449 21.5734625963 6.76048433481
4979.48 320.562 1.87345 23.5591840968 7.12346269763
5159.87 321.31 1.63014 25.0583582589 7.37500943687
5343.64 321.823 1.60308 25.6947946437 5.26837371205
5530.78 322.63 1.46316 25.2997560847 4.92461697263
5721.3 323.279 1.31052 27.313717023 4.26903718791
5915.19 324.128 1.11612 26.6781594458 5.0441697451
6112.47 324.849 1.00613 28.2635944304 6.06892533815
6313.12 325.914 0.944724 27.7672427977 5.67578064458
6517.14 326.915 0.77252 28.4883977739 5.55781186704
6724.55 327.887 0.602893 28.9660736287 5.21704872079
6935.33 328.662 0.509564 29.6426319303 4.45949576832
7149.48 329.278 0.418299 29.7013931947 4.07120297215
7367.01 329.819 0.374555 30.1835264203 3.21650506676
7587.92 330.519 0.359266 30.8114687286 2.98993367022
7812.21 331.098 0.324554 31.9247807247 2.43316664316
8039.87 331.638 0.302485 32.016832006 3.99018481873
8270.91 332.386 0.267165 32.4283495476 3.29149735241
8505.32 333.074 0.251879 33.3328496968 3.23766194336
8743.12 333.424 0.23437 34.2172852745 1.38881693164
8984.29 333.976 0.157183 34.3462837737 2.41237542013
9228.83 334.627 0.130234 35.4787390626 1.60430457181
9476.75 335.395 0.125693 36.5904246266 0.79546579219
9728.05 336.025 0.117153 36.8234878073 0.199372988326
9982.73 336.849 0.0999141 37.03784852 2.27555816807
10240.8 337.736 0.0837148 36.925163155 2.59308553472
10502.2 338.613 0.0729608 36.2391112135 3.64243798876
10767.0 340.986 0.0696476 36.535434572 0.684765266463
11035.2 342.665 0.0595883 37.0687493981 2.18597092863
11306.8 342.665 0.0392409 38.2205696117 2.24177729515
11581.7 342.665 0.0246646 37.2538774045 1.60701128555
11860.0 342.665 0.0148897 38.1621180854 3.11296467469
12140.0 344.465 0.0100004 37.436636481 2.483223853
12420.0 350.065 0.0100006 38.5625189866 1.75466311355
12700.0 355.665 0.01 38.773923872 2.70257591232
12980.0 361.265 0.0100004 38.2097134809 1.7099104194
13260.0 366.865 0.0100003 38.6279909257 2.32957188434
13540.0 372.465 0.0100002 37.289462805 2.37831989463
13820.0 378.065 0.0100003 38.0577854455 3.38326290429
14100.0 383.665 0.01 37.2072747277 2.34942242569
14380.0 389.265 0.0100002 37.4571926781 3.21169995736
14660.0 394.865 0.0100001 37.3157503835 1.54627223674
14940.0 400.465 0.0100001 37.1481914989 1.9077879735
15220.0 406.065 0.0100001 38.81881074 3.19346361893
15500.0 411.665 0.01 37.2257374923 3.10256917754
15780.0 417.265 0.0100001 37.6895171475 2.47455431587
16060.0 422.865 0.01 37.9933828909 2.88842109528
16340.0 428.465 0.01 38.5075537361 2.65589374966
16620.0 434.065 0.01 38.6089178004 2.93069929641
16900.0 439.665 0.01 37.060493345 2.64647610138
17180.0 445.265 0.00999997 36.9526970349 2.70352278855
17460.0 450.865 0.00999999 36.9824450518 2.2584944798
17740.0 456.465 0.00999998 38.5041849519 3.32068561222
18020.0 462.065 0.00999994 37.5112962984 2.71348186746
