892.852 306.465 13.7394
10.0 306.465 13.7394 -2.43841392092 2.24936139008
30.0 306.475 13.7283 -4.12035287489 3.55564230769
50.0 306.494 13.7102 -4.95170389405 5.49228022297
70.0 306.522 13.685 -4.39606135614 6.03176918765
90.0 306.564 13.6484 -4.54559453852 6.70510772637
110.0 306.644 13.5816 -4.4144621466 6.07571692538
130.0 306.789 13.4722 -4.55798402647 8.53740494287
150.0 306.864 13.4217 -6.23493857498 8.73637314645
170.0 306.927 13.38 -5.72860970126 8.97724380595
190.0 306.99 13.3383 -4.27198399749 9.51678749208
210.0 307.043 13.2979 -5.92243035064 9.77755152537
230.0 307.095 13.2577 -4.65280046677 8.25465019606
250.0 307.128 13.2307 -4.6239332996 9.65854023841
270.0 307.149 13.212 -4.48110849078 9.81016456501
290.0 307.177 13.1838 -5.23289526122 10.5308687745
310.0 307.216 13.1372 -4.74984977322 8.96127651792
331.688 307.259 13.0893 -3.42603912538 9.98836113555
356.753 307.298 13.0574 -4.70551117827 10.4892567533
385.195 307.343 13.0215 -4.02171084821 9.79772731412
417.013 307.395 12.9827 -4.05561203209 10.0537253766
452.208 307.45 12.9446 -3.55092511912 10.24844425
490.779 307.501 12.9141 -3.55049163423 11.8704861331
532.727 307.553 12.8795 -3.33008859683 11.5677724708
578.052 307.625 12.8261 -2.49379713018 11.5436345835
626.753 307.724 12.7608 -2.45653815278 11.0676221723
678.831 307.834 12.6877 -1.9127801076 11.7666907725
734.286 307.942 12.595 -0.55323483892 12.7117152658
793.117 308.051 12.5138 -0.13489925445 13.0332511262
855.325 308.191 12.4273 -0.288788780284 12.4197470207
920.909 308.403 12.2755 1.42231826051 13.1413303126
989.87 308.681 12.0777 2.45876238075 11.3409867627
1062.21 309.012 11.8039 3.13150758102 12.1740115581
1137.92 309.328 11.4652 3.19123275739 12.8421145623
1217.01 309.673 11.0502 5.24146185536 11.5446721131
1299.48 310.02 10.5741 5.66389975428 11.6631677925
1385.32 310.416 9.98716 6.00303939366 11.6845367257
1474.55 310.854 9.41205 6.46995173612 11.4491958785
1567.14 311.25 8.9559 6.34897607515 10.7033810926
1663.12 311.55 8.53037 7.04998039301 10.5305722641
1762.47 311.97 7.84578 8.37077123363 10.3975736255
1865.19 312.338 7.29615 9.89841750705 10.2519069083
1971.3 312.853 6.70909 9.26556418751 9.08077901479
2080.78 313.116 6.2318 10.0419111865 9.77623838387
2193.64 313.309 5.9279 10.395370335 9.31866604716
2309.87 313.701 5.41552 10.6114239524 7.91708572356
2429.48 314.066 5.03534 12.1182657629 9.40992443319
2552.47 314.299 4.9296 13.0536688789 7.46715991032
2678.83 314.48 4.72413 13.1008497556 8.53670455563
2808.57 314.671 4.57608 12.7941845362 8.62863633217
2941.69 314.887 4.41032 13.3839404412 7.54007446471
3078.18 315.097 4.24994 14.0609184623 7.19490321693
3218.05 315.343 4.0399 14.5639425743 8.21517405799
3361.3 315.637 3.98217 15.1369220372 6.83091920674
3507.92 315.81 3.77932 16.1160284753 8.03158505512
3657.92 316.142 3.44303 16.3119565184 6.38401816867
3811.3 316.684 3.25461 18.0412141118 7.67114522416
3968.05 317.238 2.92848 18.2134088283 7.33711313073
4128.18 317.801 2.6217 18.7469374548 6.65342369182
4291.69 318.391 2.3874 20.3269721117 8.13958073542
4458.57 318.86 2.31662 19.752677893 7.72248022221
4628.83 319.408 2.0143 21.8758870458 6.55810814201
4802.47 319.954 1.94449 21.7515844309 6.71845854357
4979.48 320.562 1.87345 23.3013147642 6.46545324335
5159.87 321.31 1.63014 24.8350022103 6.02275526389
5343.64 321.823 1.60308 25.2456569983 6.39627984184
5530.78 322.63 1.46316 26.8054098156 6.00356660542
5721.3 323.279 1.31052 27.161238309 5.73931974495
5915.19 324.128 1.11612 26.6847931262 4.4387195636
6112.47 324.849 1.00613 28.3201007842 5.68891739127
6313.12 325.914 0.944724 28.022894656 4.33254020481
6517.14 326.915 0.77252 28.7481470358 4.77217244663
6724.55 327.887 0.602893 30.5793602474 4.36336475647
6935.33 328.662 0.509564 29.7308880898 5.06834791553
7149.48 329.278 0.418299 30.6495474239 4.74344798045
7367.01 329.819 0.374555 30.3668033008 3.68482869746
7587.92 330.519 0.359266 29.9358006974 2.63543655593
7812.21 331.098 0.324554 32.3035156748 3.70720796511
8039.87 331.638 0.302485 32.3760540167 3.03007312355
8270.91 332.386 0.267165 32.2650990443 3.53970862438
8505.32 333.074 0.251879 33.2166039758 2.92891179794
8743.12 333.424 0.23437 34.2892362682 2.18400168811
8984.29 333.976 0.157183 33.5930313376 0.727130144267
9228.83 334.627 0.130234 35.0729668519 -0.185069390345
9476.75 335.395 0.125693 36.5989960652 0.551882181789
9728.05 336.025 0.117153 38.4292456927 0.415233875611
9982.73 336.849 0.0999141 37.0025876752 2.360187991
10240.8 337.736 0.0837148 36.7469516831 1.59713806324
10502.2 338.613 0.0729608 35.9751551985 3.67931026703
10767.0 340.986 0.0696476 35.7485991894 0.806840522626
11035.2 342.665 0.0595883 38.0220084245 1.83975929758
11306.8 342.665 0.0392409 37.408462861 2.99033047338
11581.7 342.665 0.0246646 36.9989718534 2.90042423222
11860.0 342.665 0.0148897 37.3338791362 3.45103655997
12140.0 344.465 0.0100004 37.7068311069 2.58142923813
12420.0 350.065 0.0100006 38.4647021504 1.5906241018
12700.0 355.665 0.01 38.3741429183 3.172976573
12980.0 361.265 0.0100004 37.3853731863 1.79246554848
13260.0 366.865 0.0100003 38.2957498335 2.07301649777
13540.0 372.465 0.0100002 37.2838006829 3.004550652
13820.0 378.065 0.0100003 37.6945461702 2.53897388193
14100.0 383.665 0.01 38.1455244459 2.24354728093
14380.0 389.265 0.0100002 38.8026094897 2.83866834657
14660.0 394.865 0.0100001 37.5399594777 3.43274524147
14940.0 400.465 0.0100001 38.2176880964 1.56772595509
15220.0 406.065 0.0100001 38.7903603773 2.5142364499
15500.0 411.665 0.01 37.1096883106 1.68538957345
15780.0 417.265 0.0100001 38.3799115494 3.17165005594
16060.0 422.865 0.01 37.9662792918 3.33222190583
16340.0 428.465 0.01 38.2527941657 2.42129591028
16620.0 434.065 0.01 38.1444983059 2.45455007529
16900.0 439.665 0.01 38.6220422778 2.89335938553
17180.0 445.265 0.00999997 38.488704087 2.243580466
17460.0 450.865 0.00999999 38.1394540894 2.74179947747
17740.0 456.465 0.00999998 37.6850123249 2.5653648397
18020.0 462.065 0.00999994 38.7140134855 2.19499453625
