892.852 306.465 13.7394
10.0 306.465 13.7394 -4.00132619977 2.85895255555
30.0 306.475 13.7283 -3.36649820955 3.53976193646
50.0 306.494 13.7102 -4.92674328437 4.21475776101
70.0 306.522 13.685 -4.15506423192 6.01159828321
90.0 306.564 13.6484 -4.26084379721 5.43583203996
110.0 306.644 13.5816 -6.34115754854 6.19617550831
130.0 306.789 13.4722 -4.90976517795 7.24792892766
150.0 306.864 13.4217 -4.5719490243 7.56910930909
170.0 306.927 13.38 -4.50726509308 8.3324084461
190.0 306.99 13.3383 -5.54174903384 9.07513995552
210.0 307.043 13.2979 -4.54323905778 8.15857755892
230.0 307.095 13.2577 -4.00968784204 9.85337619331
250.0 307.128 13.2307 -5.76937621451 8.84873499431
270.0 307.149 13.212 -3.93718704375 9.83713459481
290.0 307.177 13.1838 -5.29841813884 9.89597137417
310.0 307.216 13.1372 -4.94368194827 9.33897442171
331.688 307.259 13.0893 -3.85936056864 9.89512180577
356.753 307.298 13.0574 -4.92895516657 9.38566364474
385.195 307.343 13.0215 -4.46078784471 10.575163552
417.013 307.395 12.9827 -3.55498731282 9.98025432455
452.208 307.45 12.9446 -3.37255007076 10.6285260099
490.779 307.501 12.9141 -2.82900997696 10.7122208443
532.727 307.553 12.8795 -2.53500785498 10.5654531762
578.052 307.625 12.8261 -0.974686250292 12.2930307273
626.753 307.724 12.7608 -0.861365601111 11.5982681136
678.831 307.834 12.6877 -0.899783655439 11.3871460399
734.286 307.942 12.595 0.2573616488 12.6096870017
793.117 308.051 12.5138 -0.92518587058 12.5771385669
855.325 308.191 12.4273 1.19057690109 12.2728144704
920.909 308.403 12.2755 1.47254609161 11.6369916628
989.87 308.681 12.0777 1.30862055568 13.0014091917
1062.21 309.012 11.8039 2.1628545204 12.6458399976
1137.92 309.328 11.4652 4.30486465838 11.358790817
1217.01 309.673 11.0502 5.44297929716 12.240543447
1299.48 310.02 10.5741 5.56365790345 12.0619759967
1385.32 310.416 9.98716 5.41392563417 12.9530146036
1474.55 310.854 9.41205 6.45766064624 11.8474354713
1567.14 311.25 8.9559 8.08986488872 10.6835810933
1663.12 311.55 8.53037 6.93309437526 10.7613070868
1762.47 311.97 7.84578 9.16852342124 9.69630192015
1865.19 312.338 7.29615 9.10043148593 10.4910577628
1971.3 312.853 6.70909 9.7266363458 8.68022325354
2080.78 313.116 6.2318 9.93447611203 9.41472221865
2193.64 313.309 5.9279 11.2868879332 8.57286431827
2309.87 313.701 5.41552 12.265533466 9.52384627023
2429.48 314.066 5.03534 12.5880989251 9.38105650786
2552.47 314.299 4.9296 12.2546256212 8.49472065613
2678.83 314.48 4.72413 13.7554593475 9.28007033474
2808.57 314.671 4.57608 14.6667521747 7.35430992532
2941.69 314.887 4.41032 14.816194692 7.95880565157
3078.18 315.097 4.24994 14.9496456323 6.6485976733
3218.05 315.343 4.0399 14.5633986515 7.60651426315
3361.3 315.637 3.98217 16.2646652723 7.7749879525
3507.92 315.81 3.77932 16.8484049215 7.53729284209
3657.92 316.142 3.44303 17.1651609558 6.38062110581
3811.3 316.684 3.25461 17.4926354159 7.79655609657
3968.05 317.238 2.92848 18.1915508592 7.2856911095
4128.18 317.801 2.6217 19.7805651463 7.05498060299
4291.69 318.391 2.3874 18.852467466 7.39755623229
4458.57 318.86 2.31662 20.7867903921 7.89800909489
4628.83 319.408 2.0143 22.1208182946 6.58470604373
4802.47 319.954 1.94449 21.6516220196 8.05795236002
4979.48 320.562 1.87345 23.259273688 6.68904260381
5159.87 321.31 1.63014 25.3207013393 6.21110313208
5343.64 321.823 1.60308 25.5561842249 5.30993277894
5530.78 322.63 1.46316 25.8508973403 5.28854826443
5721.3 323.279 1.31052 27.5691863089 5.67848968184
5915.19 324.128 1.11612 27.1976341202 5.94563850843
6112.47 324.849 1.00613 29.0699498284 4.84130772588
6313.12 325.914 0.944724 29.1196026914 4.29615085301
6517.14 326.915 0.77252 28.2937642112 4.72230511381
6724.55 327.887 0.602893 29.83030931 5.49111864564
6935.33 328.662 0.509564 30.1282645225 3.98095804538
7149.48 329.278 0.418299 29.8604449082 3.28291317345
7367.01 329.819 0.374555 30.0411828502 2.83401561485
7587.92 330.519 0.359266 30.6233769666 3.38682005805
7812.21 331.098 0.324554 32.0973463356 3.2481179985
8039.87 331.638 0.302485 31.5672140554 2.58929323227
8270.91 332.386 0.267165 32.0998211422 3.80381165105
8505.32 333.074 0.251879 32.1878766909 2.79953293898
8743.12 333.424 0.23437 33.7000599731 1.87332131178
8984.29 333.976 0.157183 34.6099126808 1.12079673784
9228.83 334.627 0.130234 33.6332533654 1.26937448326
9476.75 335.395 0.125693 35.8068580862 0.0710387655484
9728.05 336.025 0.117153 37.893320621 1.43865270309
9982.73 336.849 0.0999141 37.1208821165 1.9762148247
10240.8 337.736 0.0837148 36.6641297474 2.08897697381
10502.2 338.613 0.0729608 35.2273027675 2.01313328532
10767.0 340.986 0.0696476 35.6346544794 -0.678649409369
11035.2 342.665 0.0595883 37.0350054008 3.48554450396
11306.8 342.665 0.0392409 38.5195924 1.52396718928
11581.7 342.665 0.0246646 38.0844580361 2.23422143211
11860.0 342.665 0.0148897 37.999783548 1.69808916688
12140.0 344.465 0.0100004 37.7527962568 2.69433068174
12420.0 350.065 0.0100006 38.7593937693 2.75951246054
12700.0 355.665 0.01 38.6588535773 1.93852948842
12980.0 361.265 0.0100004 37.4490935914 2.76609682098
13260.0 366.865 0.0100003 36.960472158 1.83001250455
13540.0 372.465 0.0100002 38.0681480865 3.31210759057
13820.0 378.065 0.0100003 38.5060589537 1.91156416165
14100.0 383.665 0.01 37.5808399339 2.30345592262
14380.0 389.265 0.0100002 36.9212936389 2.62674222255
14660.0 394.865 0.0100001 38.8191888571 2.6478138262
14940.0 400.465 0.0100001 38.8156914257 1.59121395143
15220.0 406.065 0.0100001 38.7333836703 1.91029139001
15500.0 411.665 0.01 37.7331683728 1.56778902275
15780.0 417.265 0.0100001 37.1451074063 1.7428703926
16060.0 422.865 0.01 38.4137162213 1.91518758126
16340.0 428.465 0.01 37.3604621971 3.18267448158
16620.0 434.065 0.01 37.7542846596 2.33801855731
16900.0 439.665 0.01 37.4337641265 2.82402085422
17180.0 445.265 0.00999997 37.1096400874 2.97907356082
17460.0 450.865 0.00999999 38.1648303334 3.44807149771
17740.0 456.465 0.00999998 38.588908623 3.4933237567
18020.0 462.065 0.00999994 38.5930202023 2.50561932516
