892.852 306.465 13.7394
10.0 306.465 13.7394 -3.44846681458 2.35454620768
30.0 306.475 13.7283 -3.38478431035 3.89102229932
50.0 306.494 13.7102 -4.79084953008 4.25235577943
70.0 306.522 13.685 -4.38183294607 6.28664801935
90.0 306.564 13.6484 -5.15953617039 6.7154174575
110.0 306.644 13.5816 -6.24946920948 7.15461875053
130.0 306.789 13.4722 -5.04074799353 7.74302094291
150.0 306.864 13.4217 -4.41779034614 8.63198242502
170.0 306.927 13.38 -5.44468671515 8.45798827017
190.0 306.99 13.3383 -5.3164171317 8.53015930749
210.0 307.043 13.2979 -5.24662184763 9.37209752061
230.0 307.095 13.2577 -4.93247851311 8.44761558675
250.0 307.128 13.2307 -5.54411805071 9.87198315814
270.0 307.149 13.212 -4.63742367018 8.91133640115
290.0 307.177 13.1838 -4.72723983561 10.4134299159
310.0 307.216 13.1372 -4.83845677882 9.58138149842
331.688 307.259 13.0893 -5.05641830846 10.1083748219
356.753 307.298 13.0574 -4.33215262723 10.8246949577
385.195 307.343 13.0215 -3.88562681904 10.6630012845
417.013 307.395 12.9827 -3.84427718314 10.6193736926
452.208 307.45 12.9446 -3.24693759615 10.2296338366
490.779 307.501 12.9141 -3.41915203379 10.7109350641
532.727 307.553 12.8795 -2.66339577154 10.5871388038
578.052 307.625 12.8261 -2.28983652175 12.2390711297
626.753 307.724 12.7608 -0.657410583493 11.2536088269
678.831 307.834 12.6877 -0.789991345058 11.073934929
734.286 307.942 12.595 -0.578759778723 12.1221538803
793.117 308.051 12.5138 -0.89635281806 11.2013205145
855.325 308.191 12.4273 -0.582809694459 12.8223043686
920.909 308.403 12.2755 0.299199885366 12.1915958058
989.87 308.681 12.0777 2.17941612997 11.5107433516
1062.21 309.012 11.8039 3.20743578602 11.7622778324
1137.92 309.328 11.4652 3.9595418959 13.0639213398
1217.01 309.673 11.0502 4.68836507665 12.2008753012
1299.48 310.02 10.5741 5.82218133043 12.9691116923
1385.32 310.416 9.98716 6.61957653754 11.5318391888
1474.55 310.854 9.41205 6.5437909883 11.2025770762
1567.14 311.25 8.9559 7.45937784974 10.7885972797
1663.12 311.55 8.53037 7.49952957575 10.63666545
1762.47 311.97 7.84578 8.1652970625 11.248990839
1865.19 312.338 7.29615 9.89080490156 9.49575410101
1971.3 312.853 6.70909 10.6387840561 9.97523219105
2080.78 313.116 6.2318 10.9243487759 8.43790119753
2193.64 313.309 5.9279 10.4907773217 8.88814682035
2309.87 313.701 5.41552 11.422905245 8.29939891044
2429.48 314.066 5.03534 12.2495508325 7.66213013259
2552.47 314.299 4.9296 12.5162578305 7.6148823654
2678.83 314.48 4.72413 12.3233016566 7.6664191644
2808.57 314.671 4.57608 14.6280127241 8.43487879178
2941.69 314.887 4.41032 15.0497784569 7.09753856847
3078.18 315.097 4.24994 14.4088868727 7.50088614898
3218.05 315.343 4.0399 15.7261718809 8.11702652688
3361.3 315.637 3.98217 15.387394001 6.77746383105
3507.92 315.81 3.77932 17.5655654073 7.28861794483
3657.92 316.142 3.44303 17.9407038193 7.63694888109
3811.3 316.684 3.25461 18.6278450312 7.26225962981
3968.05 317.238 2.92848 17.8849761046 7.99483952815
4128.18 317.801 2.6217 18.5207560124 7.05640802938
4291.69 318.391 2.3874 19.0370262659 8.43746108175
4458.57 318.86 2.31662 19.5611619024 7.29489106115
4628.83 319.408 2.0143 21.8084079719 7.78764904837
4802.47 319.954 1.94449 22.9829504554 8.02230708493
4979.48 320.562 1.87345 24.1825689765 7.64737756929
5159.87 321.31 1.63014 24.3745525185 6.59844510751
5343.64 321.823 1.60308 24.7633052245 6.57105916948
5530.78 322.63 1.46316 25.5262356108 5.913905537
5721.3 323.279 1.31052 27.8294571624 4.79253867641
5915.19 324.128 1.11612 28.0179966966 4.32958833826
6112.47 324.849 1.00613 28.5865824948 4.6917776733
6313.12 325.914 0.944724 29.3808646379 4.67107402722
6517.14 326.915 0.77252 28.2283191055 3.82757334657
6724.55 327.887 0.602893 29.5128062787 4.55680266771
6935.33 328.662 0.509564 29.7242382155 5.01913943908
7149.48 329.278 0.418299 30.9760564005 3.09697497891
7367.01 329.819 0.374555 31.4639895824 2.60627543782
7587.92 330.519 0.359266 30.8406527414 4.10673084061
7812.21 331.098 0.324554 31.074385804 3.98423567392
8039.87 331.638 0.302485 32.2971863398 3.24820276889
8270.91 332.386 0.267165 32.63699381 3.3431945894
8505.32 333.074 0.251879 33.3648127378 3.28110087898
8743.12 333.424 0.23437 34.6009077918 2.49473721357
8984.29 333.976 0.157183 33.5664116378 1.73875148121
9228.83 334.627 0.130234 33.9540271434 1.68891323948
9476.75 335.395 0.125693 35.1499133426 0.203246638184
9728.05 336.025 0.117153 37.2387502361 0.0962068838294
9982.73 336.849 0.0999141 36.3758419811 1.91551374974
10240.8 337.736 0.0837148 36.5664243933 2.50025528969
10502.2 338.613 0.0729608 35.7771452952 3.19484599734
10767.0 340.986 0.0696476 37.0578427115 -0.333686985756
11035.2 342.665 0.0595883 37.7773399633 2.82996347603
11306.8 342.665 0.0392409 37.1458575019 3.03437622457
11581.7 342.665 0.0246646 37.1319156733 2.38456441435
11860.0 342.665 0.0148897 37.826013943 2.60153614575
12140.0 344.465 0.0100004 38.4138868909 2.90898610008
12420.0 350.065 0.0100006 37.6412471999 2.93229635847
12700.0 355.665 0.01 37.77461785 3.29176987876
12980.0 361.265 0.0100004 37.2547130455 2.15229551343
13260.0 366.865 0.0100003 38.2792565577 1.93659968332
13540.0 372.465 0.0100002 37.5884772201 3.3843085013
13820.0 378.065 0.0100003 37.3126699084 2.19838284538
14100.0 383.665 0.01 37.8008130593 1.65505307646
14380.0 389.265 0.0100002 38.0443297238 2.71289138787
14660.0 394.865 0.0100001 37.1837281963 2.73371126078
14940.0 400.465 0.0100001 38.8594090089 2.73699592685
15220.0 406.065 0.0100001 37.861472135 2.30100200634
15500.0 411.665 0.01 37.3938212227 3.51116071256
15780.0 417.265 0.0100001 37.1435870705 2.66548037045
16060.0 422.865 0.01 37.7180980112 2.0413447777
16340.0 428.465 0.01 38.2423723447 1.81860965453
16620.0 434.065 0.01 38.8079386074 2.18507598975
16900.0 439.665 0.01 37.3665374181 2.56021917447
17180.0 445.265 0.00999997 36.8895664442 2.55535599645
17460.0 450.865 0.00999999 38.6323398677 2.78466412927
17740.0 456.465 0.00999998 37.2007218172 2.48524222583
18020.0 462.065 0.00999994 38.7039402186 1.97699774174
