892.852 306.465 13.7394
10.0 306.465 13.7394 -2.76294037794 3.12248776477
30.0 306.475 13.7283 -3.15745280581 3.91520793818
50.0 306.494 13.7102 -4.04157816681 4.3844981016
70.0 306.522 13.685 -5.14950673487 6.17848336391
90.0 306.564 13.6484 -5.04932231441 6.7019867184
110.0 306.644 13.5816 -5.48333822212 6.58943234134
130.0 306.789 13.4722 -6.41228606299 7.38003462558
150.0 306.864 13.4217 -5.00441054632 7.92078938459
170.0 306.927 13.38 -4.84316380162 9.30916162382
190.0 306.99 13.3383 -5.25241261017 9.74094329592
210.0 307.043 13.2979 -5.02429518347 8.6226050329
230.0 307.095 13.2577 -4.52224422668 9.21077274079
250.0 307.128 13.2307 -5.48043079879 10.069729229
270.0 307.149 13.212 -5.53054003519 9.2770990201
290.0 307.177 13.1838 -3.78056902976 9.42470547826
310.0 307.216 13.1372 -3.85465318181 9.41638230194
331.688 307.259 13.0893 -3.69416924189 9.3643982538
356.753 307.298 13.0574 -4.55672470387 10.0743960518
385.195 307.343 13.0215 -4.27289724122 11.0245919066
417.013 307.395 12.9827 -2.97836235514 10.8378529115
452.208 307.45 12.9446 -3.2573808294 11.3985289497
490.779 307.501 12.9141 -2.09120453744 10.3026626411
532.727 307.553 12.8795 -2.68286937239 11.857600218
578.052 307.625 12.8261 -1.8956687613 10.6127710923
626.753 307.724 12.7608 -2.49901182613 10.6271618205
678.831 307.834 12.6877 -0.666830534374 12.64580437
734.286 307.942 12.595 -0.175795058103 12.4033035979
793.117 308.051 12.5138 0.485515824555 11.6432984414
855.325 308.191 12.4273 1.26061930724 12.127588789
920.909 308.403 12.2755 1.98176901051 12.6085457441
989.87 308.681 12.0777 2.14850554426 12.400476346
1062.21 309.012 11.8039 2.90243862418 11.7164205099
1137.92 309.328 11.4652 3.44729047001 11.476453099
1217.01 309.673 11.0502 3.99179871978 12.8679787871
1299.48 310.02 10.5741 6.14576407897 12.2468329233
1385.32 310.416 9.98716 5.37400824016 12.0213857515
1474.55 310.854 9.41205 6.0836846402 10.6879878672
1567.14 311.25 8.9559 6.43165489723 11.7905714009
1663.12 311.55 8.53037 7.9893400905 10.2629303094
1762.47 311.97 7.84578 8.3389856008 11.124389082
1865.19 312.338 7.29615 9.70682339961 10.0847589129
1971.3 312.853 6.70909 9.33780638677 9.00238061793
2080.78 313.116 6.2318 10.1054892114 9.76076260111
2193.64 313.309 5.9279 10.9662415259 8.59143963826
2309.87 313.701 5.41552 12.1549113486 8.91075067021
2429.48 314.066 5.03534 11.7169686672 8.11083109402
2552.47 314.299 4.9296 12.1885484886 9.11680067946
2678.83 314.48 4.72413 12.6970631848 7.71344818054
2808.57 314.671 4.57608 14.2181059127 9.00966642374
2941.69 314.887 4.41032 14.01807563 7.60789471907
3078.18 315.097 4.24994 15.3664738021 7.49773382854
3218.05 315.343 4.0399 14.9239554562 7.58788616612
3361.3 315.637 3.98217 15.9508312277 8.07936033108
3507.92 315.81 3.77932 17.2709560557 7.5529076044
3657.92 316.142 3.44303 17.1699486631 7.54035514386
3811.3 316.684 3.25461 17.4941953083 6.99439015383
3968.05 317.238 2.92848 18.2529485656 8.27418510166
4128.18 317.801 2.6217 20.3320097609 8.1518551661
4291.69 318.391 2.3874 20.7456600367 8.08057896038
4458.57 318.86 2.31662 21.1948275664 6.86987781941
4628.83 319.408 2.0143 22.0828790659 7.45020821869
4802.47 319.954 1.94449 23.3203545957 7.667606131
4979.48 320.562 1.87345 23.357186368 7.524663468
5159.87 321.31 1.63014 23.5988834572 6.21802211019
5343.64 321.823 1.60308 25.7885997934 5.40239491865
5530.78 322.63 1.46316 26.5748693699 5.81623105158
5721.3 323.279 1.31052 27.3379863434 5.1546422918
5915.19 324.128 1.11612 26.8197515183 4.93240315248
6112.47 324.849 1.00613 28.2053420574 4.51652152344
6313.12 325.914 0.944724 28.0987102707 5.81427051012
6517.14 326.915 0.77252 28.5084526732 5.07929212
6724.55 327.887 0.602893 29.0305514426 3.64548431291
6935.33 328.662 0.509564 30.7409928603 5.05445677114
7149.48 329.278 0.418299 29.7690072797 4.17775678483
7367.01 329.819 0.374555 31.2381459416 3.1457650791
7587.92 330.519 0.359266 31.1729226324 2.79892214267
7812.21 331.098 0.324554 32.5909820672 3.88660529087
8039.87 331.638 0.302485 31.0638712844 3.61827893997
8270.91 332.386 0.267165 31.9117679097 2.36783839145
8505.32 333.074 0.251879 33.7814946738 2.70364327134
8743.12 333.424 0.23437 34.3818071179 1.08275890286
8984.29 333.976 0.157183 34.0722335616 0.737223234854
9228.83 334.627 0.130234 35.1111917765 0.999992677312
9476.75 335.395 0.125693 35.7431399456 -0.0893735044824
9728.05 336.025 0.117153 36.882013991 0.730820811592
9982.73 336.849 0.0999141 37.2709662361 1.96711739908
10240.8 337.736 0.0837148 36.7757011972 2.67306663214
10502.2 338.613 0.0729608 36.2335353845 2.89623626774
10767.0 340.986 0.0696476 35.5265305837 0.99451723572
11035.2 342.665 0.0595883 37.836798666 1.59202021728
11306.8 342.665 0.0392409 37.2510106518 3.12829848872
11581.7 342.665 0.0246646 38.2803694289 2.57968965203
11860.0 342.665 0.0148897 37.761928242 2.53831803328
12140.0 344.465 0.0100004 38.3981036702 3.20885668577
12420.0 350.065 0.0100006 37.4572803383 2.21178923806
12700.0 355.665 0.01 37.4072897765 2.25180358082
12980.0 361.265 0.0100004 36.8912846838 3.50998632629
13260.0 366.865 0.0100003 37.8632585116 3.44553396062
13540.0 372.465 0.0100002 37.5724377587 2.60369969853
13820.0 378.065 0.0100003 37.2593033148 2.08713145118
14100.0 383.665 0.01 38.1329143559 1.94615014686
14380.0 389.265 0.0100002 38.6342810501 2.99920284592
14660.0 394.865 0.0100001 37.9063761609 2.58382649899
14940.0 400.465 0.0100001 37.1031109005 2.5389849608
15220.0 406.065 0.0100001 37.4899256093 2.98339542896
15500.0 411.665 0.01 37.0782541455 2.14253043166
15780.0 417.265 0.0100001 38.8074506565 2.58409575076
16060.0 422.865 0.01 37.0043913972 2.67985925388
16340.0 428.465 0.01 38.412100971 2.00788643866
16620.0 434.065 0.01 38.7539451712 3.0275699022
16900.0 439.665 0.01 37.3432754262 2.23388510577
17180.0 445.265 0.00999997 38.5072844521 3.3257643146
17460.0 450.865 0.00999999 37.1902749643 3.11626764829
17740.0 456.465 0.00999998 38.0999487401 2.50991354404
18020.0 462.065 0.00999994 38.4761072004 2.43130389071
