892.852 306.465 13.7394
10.0 306.465 13.7394 -3.07642039151 2.2455778985
30.0 306.475 13.7283 -3.40744728155 2.80978660467
50.0 306.494 13.7102 -3.31854039287 4.65032151264
70.0 306.522 13.685 -4.79914796321 6.03760204029
90.0 306.564 13.6484 -4.09579051133 6.78784025922
110.0 306.644 13.5816 -5.45217251826 7.06852289425
130.0 306.789 13.4722 -6.38746784901 6.74360180219
150.0 306.864 13.4217 -5.65044012124 8.63966157497
170.0 306.927 13.38 -4.91374689134 8.70049556482
190.0 306.99 13.3383 -4.22991438937 8.21687328018
210.0 307.043 13.2979 -4.00099883995 9.52092132886
230.0 307.095 13.2577 -5.49050805907 8.27321197139
250.0 307.128 13.2307 -4.88245160362 8.86631008348
270.0 307.149 13.212 -4.94973140359 9.04903907277
290.0 307.177 13.1838 -3.78147232445 9.67144673638
310.0 307.216 13.1372 -4.97230127368 9.07985845991
331.688 307.259 13.0893 -5.06756051949 10.6673595417
356.753 307.298 13.0574 -4.32024761275 9.93693578432
385.195 307.343 13.0215 -4.22252097306 9.70815699266
417.013 307.395 12.9827 -3.96429472456 10.1697319352
452.208 307.45 12.9446 -2.39127182561 10.3819762045
490.779 307.501 12.9141 -2.87125260698 10.3734409888
532.727 307.553 12.8795 -2.97336592874 11.404077555
578.052 307.625 12.8261 -2.83871530318 10.9467256323
626.753 307.724 12.7608 -1.23442381102 10.7975283133
678.831 307.834 12.6877 -1.36818362516 11.0315429909
734.286 307.942 12.595 0.215798113853 11.6572123811
793.117 308.051 12.5138 -0.741552130686 11.2722427422
855.325 308.191 12.4273 0.0975873678877 12.9373027341
920.909 308.403 12.2755 0.91840708048 12.2091568795
989.87 308.681 12.0777 1.55588382069 12.8721772552
1062.21 309.012 11.8039 3.05391227355 12.059296213
1137.92 309.328 11.4652 4.05366737248 11.29288741
1217.01 309.673 11.0502 5.09936260209 11.7966100329
1299.48 310.02 10.5741 5.10352847667 13.3341574309
1385.32 310.416 9.98716 6.71606927909 12.615873381
1474.55 310.854 9.41205 7.27038705465 10.6606918484
1567.14 311.25 8.9559 7.96455495129 11.2907454038
1663.12 311.55 8.53037 7.07842958699 11.1503212708
1762.47 311.97 7.84578 7.60741793007 10.5373951819
1865.19 312.338 7.29615 10.1484254182 9.73824908023
1971.3 312.853 6.70909 9.10414685847 8.97167883235
2080.78 313.116 6.2318 9.56949605874 10.0120509714
2193.64 313.309 5.9279 11.8327136296 8.44565039028
2309.87 313.701 5.41552 10.8821765845 9.41361442303
2429.48 314.066 5.03534 12.047201369 8.80914844544
2552.47 314.299 4.9296 12.1629144177 8.73123707565
2678.83 314.48 4.72413 13.1584593188 9.20778369649
2808.57 314.671 4.57608 13.1259986099 7.20749794162
2941.69 314.887 4.41032 13.2746473603 8.70032213344
3078.18 315.097 4.24994 15.5289394242 8.08194619531
3218.05 315.343 4.0399 15.1424962082 7.78338608403
3361.3 315.637 3.98217 16.42633503 7.38339721425
3507.92 315.81 3.77932 16.51252989 6.92576343762
3657.92 316.142 3.44303 16.3513413552 7.84657059174
3811.3 316.684 3.25461 18.0226932887 6.90858990254
3968.05 317.238 2.92848 17.7838850854 8.25474030185
4128.18 317.801 2.6217 18.6219564762 7.5360980195
4291.69 318.391 2.3874 20.3302010667 6.95145032367
4458.57 318.86 2.31662 20.8059069383 7.94323169334
4628.83 319.408 2.0143 21.5741282979 7.8231167374
4802.47 319.954 1.94449 21.9603777224 6.89327733893
4979.48 320.562 1.87345 23.8667238514 6.54684901152
5159.87 321.31 1.63014 24.9332506237 7.02853892205
5343.64 321.823 1.60308 24.2293231977 5.49134555189
5530.78 322.63 1.46316 26.7046087889 5.55861542673
5721.3 323.279 1.31052 27.1653578063 4.91884256058
5915.19 324.128 1.11612 28.6051035278 5.83355086918
6112.47 324.849 1.00613 28.1464338363 5.70704489056
6313.12 325.914 0.944724 29.4949032848 5.53141210685
6517.14 326.915 0.77252 28.7092643891 4.53934836904
6724.55 327.887 0.602893 30.2319688 5.47713857563
6935.33 328.662 0.509564 30.0650115225 4.19637757195
7149.48 329.278 0.418299 30.3354717516 3.98036176198
7367.01 329.819 0.374555 31.1753030671 3.80720526237
7587.92 330.519 0.359266 30.1537121685 4.07987784311
7812.21 331.098 0.324554 31.3241717776 3.99152611811
8039.87 331.638 0.302485 31.655149495 3.85032146949
8270.91 332.386 0.267165 32.8750804062 2.72725164548
8505.32 333.074 0.251879 32.026425598 2.39173468892
8743.12 333.424 0.23437 32.6974014289 1.36146476328
8984.29 333.976 0.157183 35.1322664758 1.83206856965
9228.83 334.627 0.130234 33.8415583205 0.00834054726752
9476.75 335.395 0.125693 35.9522337076 0.11559413289
9728.05 336.025 0.117153 37.4164165071 1.57760510271
9982.73 336.849 0.0999141 36.4712065643 2.39688287172
10240.8 337.736 0.0837148 36.071000561 2.30002171035
10502.2 338.613 0.0729608 36.8885815167 2.54738915423
10767.0 340.986 0.0696476 36.6756446792 -0.0408204977721
11035.2 342.665 0.0595883 36.8833186844 2.61928842548
11306.8 342.665 0.0392409 36.9106441952 2.50731847711
11581.7 342.665 0.0246646 37.2564342846 1.95981317281
11860.0 342.665 0.0148897 38.2088965538 1.58553401694
12140.0 344.465 0.0100004 37.497736664 1.92016898479
12420.0 350.065 0.0100006 38.605351686 2.31640896178
12700.0 355.665 0.01 38.4950567782 2.26197219201
12980.0 361.265 0.0100004 38.785163953 2.5054756713
13260.0 366.865 0.0100003 37.6843736886 1.92037115688
13540.0 372.465 0.0100002 37.9021221338 2.28385543774
13820.0 378.065 0.0100003 37.46987404 1.55024117854
14100.0 383.665 0.01 38.0742551042 2.8730781452
14380.0 389.265 0.0100002 38.32466451 1.70508639131
14660.0 394.865 0.0100001 38.6936913271 2.68549011682
14940.0 400.465 0.0100001 36.9397996751 2.41723248015
15220.0 406.065 0.0100001 37.2064800511 1.66475432894
15500.0 411.665 0.01 38.3706022172 2.28383886067
15780.0 417.265 0.0100001 37.9960317443 1.91701545366
16060.0 422.865 0.01 37.3006416337 3.05871605641
16340.0 428.465 0.01 38.1809028993 1.57166177934
16620.0 434.065 0.01 37.8740900534 2.77130361651
16900.0 439.665 0.01 37.1034858503 2.80381001526
17180.0 445.265 0.00999997 38.1946310748 2.4291741394
17460.0 450.865 0.00999999 37.3314753682 2.07825329382
17740.0 456.465 0.00999998 38.7169132562 1.76347849361
18020.0 462.065 0.00999994 38.3839860909 1.89345847142
