892.852 306.465 13.7394
10.0 306.465 13.7394 -3.86287530703 2.7137956025
30.0 306.475 13.7283 -2.91459095619 3.13575877151
50.0 306.494 13.7102 -3.67981757222 4.97357548062
70.0 306.522 13.685 -4.07710755951 5.08134772384
90.0 306.564 13.6484 -5.33483265547 5.28772232504
110.0 306.644 13.5816 -4.88281277619 7.68384393874
130.0 306.789 13.4722 -5.06303880505 6.93160360209
150.0 306.864 13.4217 -4.55714258396 8.95405349863
170.0 306.927 13.38 -4.83813058324 8.14941578289
190.0 306.99 13.3383 -4.67412552683 9.50012437611
210.0 307.043 13.2979 -5.54728619836 8.7797187569
230.0 307.095 13.2577 -4.17855094738 8.35071903326
250.0 307.128 13.2307 -3.85547850404 9.01297381532
270.0 307.149 13.212 -4.32444797921 9.130446867
290.0 307.177 13.1838 -4.62309741515 10.472307191
310.0 307.216 13.1372 -5.06476098725 9.16113827405
331.688 307.259 13.0893 -4.48877962076 9.49239019637
356.753 307.298 13.0574 -4.62663694009 10.1804663994
385.195 307.343 13.0215 -4.05002461227 11.5501461548
417.013 307.395 12.9827 -4.37910191681 9.76840817932
452.208 307.45 12.9446 -2.72784882958 11.1830370722
490.779 307.501 12.9141 -3.6998857875 10.4280060356
532.727 307.553 12.8795 -2.40984542011 11.7683262822
578.052 307.625 12.8261 -1.9584837496 10.3250041332
626.753 307.724 12.7608 -1.99142145866 12.2215039259
678.831 307.834 12.6877 -1.1145319558 12.4619024895
734.286 307.942 12.595 0.149140219604 12.1563958982
793.117 308.051 12.5138 0.437732702044 11.4464489008
855.325 308.191 12.4273 0.795657850296 13.0186688202
920.909 308.403 12.2755 1.24610885812 13.1289932296
989.87 308.681 12.0777 1.00836726397 11.4549534805
1062.21 309.012 11.8039 2.22844676538 13.1018173357
1137.92 309.328 11.4652 3.0810692885 11.9112692085
1217.01 309.673 11.0502 3.59946426484 13.2902019367
1299.48 310.02 10.5741 5.10810548416 11.7349110106
1385.32 310.416 9.98716 5.51490450312 12.0548988458
1474.55 310.854 9.41205 5.79189278431 12.2334828688
1567.14 311.25 8.9559 7.8303506003 10.8517731189
1663.12 311.55 8.53037 6.96850321206 11.2429905124
1762.47 311.97 7.84578 7.69141842569 10.7590101465
1865.19 312.338 7.29615 9.51358236777 9.53084101012
1971.3 312.853 6.70909 9.93665416413 10.6486950119
2080.78 313.116 6.2318 10.730425681 8.65605871467
2193.64 313.309 5.9279 11.8692331619 9.53332561782
2309.87 313.701 5.41552 10.8811443319 8.96588139615
2429.48 314.066 5.03534 11.6915802471 8.49769176937
2552.47 314.299 4.9296 12.8625280386 9.10307662267
2678.83 314.48 4.72413 11.9981704918 8.15567862792
2808.57 314.671 4.57608 13.4277185307 7.26858420136
2941.69 314.887 4.41032 13.8249545853 7.69814526953
3078.18 315.097 4.24994 14.8495678448 7.18558338021
3218.05 315.343 4.0399 15.0022391047 8.02931931635
3361.3 315.637 3.98217 15.0733486827 6.8143192855
3507.92 315.81 3.77932 17.429112454 7.28924888159
3657.92 316.142 3.44303 17.9230312351 8.2318220484
3811.3 316.684 3.25461 18.3215690156 6.83370780183
3968.05 317.238 2.92848 18.8757178756 8.29092080028
4128.18 317.801 2.6217 19.6997677377 6.7109228811
4291.69 318.391 2.3874 19.271815568 8.26798638082
4458.57 318.86 2.31662 19.8929107936 6.73629840688
4628.83 319.408 2.0143 22.5423114263 7.00960875693
4802.47 319.954 1.94449 21.4308533119 7.98826123969
4979.48 320.562 1.87345 23.0405441466 6.42914437501
5159.87 321.31 1.63014 25.150180982 6.46963668089
5343.64 321.823 1.60308 25.14584312 5.63566030891
5530.78 322.63 1.46316 25.8735682667 5.30778981722
5721.3 323.279 1.31052 27.8212413372 5.28194158311
5915.19 324.128 1.11612 27.0982479756 5.19030574634
6112.47 324.849 1.00613 28.3036805939 4.61663934691
6313.12 325.914 0.944724 27.9494454512 4.85759249156
6517.14 326.915 0.77252 29.7535931472 5.19181470292
6724.55 327.887 0.602893 30.6572479765 3.57153231849
6935.33 328.662 0.509564 30.3008763468 4.03711060093
7149.48 329.278 0.418299 29.4528677651 4.25025570245
7367.01 329.819 0.374555 31.2801428172 2.70802392145
7587.92 330.519 0.359266 30.6647691431 4.24848222039
7812.21 331.098 0.324554 32.3840423582 3.55095576858
8039.87 331.638 0.302485 32.8412229285 3.29500068513
8270.91 332.386 0.267165 32.440037144 3.2790234792
8505.32 333.074 0.251879 33.0141017696 2.09032276783
8743.12 333.424 0.23437 32.6295094049 2.66153719652
8984.29 333.976 0.157183 34.9527215701 1.38420780638
9228.83 334.627 0.130234 34.5061776813 1.22292968003
9476.75 335.395 0.125693 35.4677991005 0.38832306697
9728.05 336.025 0.117153 36.5770651752 1.84963460006
9982.73 336.849 0.0999141 35.9311033044 0.685827815032
10240.8 337.736 0.0837148 36.8055525994 2.96700943655
10502.2 338.613 0.0729608 36.3458575717 3.12310589245
10767.0 340.986 0.0696476 36.8974422633 -0.0390915150285
11035.2 342.665 0.0595883 38.6570098385 3.02736085837
11306.8 342.665 0.0392409 37.7324813218 3.13367658607
11581.7 342.665 0.0246646 37.5990495339 2.6975955012
11860.0 342.665 0.0148897 38.1387598138 2.9271239147
12140.0 344.465 0.0100004 36.914045748 2.12760308713
12420.0 350.065 0.0100006 37.3359295415 2.20164282277
12700.0 355.665 0.01 38.1673158163 1.61925641687
12980.0 361.265 0.0100004 36.9616779724 2.73366252041
13260.0 366.865 0.0100003 37.1333097061 2.82513968613
13540.0 372.465 0.0100002 38.5384017211 3.19326156172
13820.0 378.065 0.0100003 38.3923235482 1.74937873209
14100.0 383.665 0.01 38.4737102517 2.84690130433
14380.0 389.265 0.0100002 36.9747694331 2.91759878034
14660.0 394.865 0.0100001 38.5987609847 2.04377061066
14940.0 400.465 0.0100001 38.8464556767 1.91061185991
15220.0 406.065 0.0100001 37.6050587484 2.36188528998
15500.0 411.665 0.01 37.308362655 1.72314902456
15780.0 417.265 0.0100001 38.6689796583 3.40134288457
16060.0 422.865 0.01 38.3258641662 3.18603950053
16340.0 428.465 0.01 38.12406986 1.70424943832
16620.0 434.065 0.01 37.5735979301 2.67861578787
16900.0 439.665 0.01 38.3786115943 3.14653524046
17180.0 445.265 0.00999997 38.7382467033 2.27811819927
17460.0 450.865 0.00999999 38.2706226733 3.10968467543
17740.0 456.465 0.00999998 37.2856083028 3.10852785915
18020.0 462.065 0.00999994 37.820480376 1.61346079788
