892.852 306.465 13.7394
10.0 306.465 13.7394 -2.4968878949 3.125245611
30.0 306.475 13.7283 -3.79489781072 4.44176020968
50.0 306.494 13.7102 -4.72763625502 4.29473741183
70.0 306.522 13.685 -5.53692262828 5.66995562499
90.0 306.564 13.6484 -5.53712811652 5.46695461647
110.0 306.644 13.5816 -4.42080511696 7.15045625041
130.0 306.789 13.4722 -5.46914431076 7.19512222976
150.0 306.864 13.4217 -4.58171741876 8.65775799701
170.0 306.927 13.38 -4.45371689854 9.29280699872
190.0 306.99 13.3383 -4.15543945933 9.74342997593
210.0 307.043 13.2979 -4.74574274814 8.96893450006
230.0 307.095 13.2577 -5.51629683383 8.5000243816
250.0 307.128 13.2307 -4.65147598027 9.04533730852
270.0 307.149 13.212 -4.99995217831 9.41817461829
290.0 307.177 13.1838 -5.51904954026 9.54212054228
310.0 307.216 13.1372 -3.60975907472 9.95757959874
331.688 307.259 13.0893 -3.88096548557 10.7180775087
356.753 307.298 13.0574 -4.86773877024 9.61908101905
385.195 307.343 13.0215 -4.2308358734 10.9023763771
417.013 307.395 12.9827 -4.10249136938 9.91906143944
452.208 307.45 12.9446 -2.59771933018 11.6347885755
490.779 307.501 12.9141 -2.48789475571 10.2901786394
532.727 307.553 12.8795 -3.1400779008 11.850274912
578.052 307.625 12.8261 -1.77835199224 11.6669509329
626.753 307.724 12.7608 -0.670835273662 10.9782083236
678.831 307.834 12.6877 -0.801064622356 11.5466446925
734.286 307.942 12.595 -0.162899378097 12.8758355506
793.117 308.051 12.5138 -1.17193999085 12.5640011027
855.325 308.191 12.4273 1.04027526179 12.8883023791
920.909 308.403 12.2755 0.563077045119 12.2573691859
989.87 308.681 12.0777 1.9478919062 11.9663124588
1062.21 309.012 11.8039 3.18954550203 11.4361131675
1137.92 309.328 11.4652 3.26887110396 11.9118233844
1217.01 309.673 11.0502 4.55402219422 13.3318867733
1299.48 310.02 10.5741 5.45243272066 12.3550320138
1385.32 310.416 9.98716 5.26765553779 12.9381079826
1474.55 310.854 9.41205 5.72647460406 12.0018640236
1567.14 311.25 8.9559 7.46399127876 12.143637272
1663.12 311.55 8.53037 7.66447660612 11.7950997778
1762.47 311.97 7.84578 8.98765470003 9.74812149111
1865.19 312.338 7.29615 9.13478903122 9.7188276394
1971.3 312.853 6.70909 9.07190503689 10.4336426556
2080.78 313.116 6.2318 10.5690287257 9.79993435258
2193.64 313.309 5.9279 10.5067602786 8.31519057108
2309.87 313.701 5.41552 10.7829929515 9.24355900272
2429.48 314.066 5.03534 11.7694476696 8.06383737859
2552.47 314.299 4.9296 12.0214703365 8.79529313292
2678.83 314.48 4.72413 12.6999978883 9.14241872119
2808.57 314.671 4.57608 12.850812263 8.85065334819
2941.69 314.887 4.41032 14.9660609179 7.76546778903
3078.18 315.097 4.24994 14.1284161142 7.44807010446
3218.05 315.343 4.0399 15.0366208445 6.85939620003
3361.3 315.637 3.98217 16.5504196022 6.88477860173
3507.92 315.81 3.77932 17.3295491475 8.07297557201
3657.92 316.142 3.44303 16.6984079267 8.0087801984
3811.3 316.684 3.25461 17.9347840808 7.69435148603
3968.05 317.238 2.92848 19.5927375928 6.91191087555
4128.18 317.801 2.6217 19.3912903994 7.27063611822
4291.69 318.391 2.3874 19.5376155462 8.41341828482
4458.57 318.86 2.31662 20.8806990069 6.99727258041
4628.83 319.408 2.0143 22.3318416693 7.52357556057
4802.47 319.954 1.94449 22.4986155486 7.22354689211
4979.48 320.562 1.87345 22.7529480236 7.05360955016
5159.87 321.31 1.63014 25.2830531417 6.72116818739
5343.64 321.823 1.60308 25.8866278732 6.60088731516
5530.78 322.63 1.46316 26.6744451748 5.61174301609
5721.3 323.279 1.31052 26.3430345632 6.0403273213
5915.19 324.128 1.11612 28.010258639 4.87763584632
6112.47 324.849 1.00613 28.5633666742 5.03210560325
6313.12 325.914 0.944724 28.0149161625 5.29711168182
6517.14 326.915 0.77252 28.5920187316 5.6429379068
6724.55 327.887 0.602893 29.0261561649 4.44526975578
6935.33 328.662 0.509564 29.9151396877 4.41958101325
7149.48 329.278 0.418299 30.2641738513 4.65348875111
7367.01 329.819 0.374555 31.5375890239 4.56886889399
7587.92 330.519 0.359266 31.0585616261 3.5883476899
7812.21 331.098 0.324554 30.6779485202 3.28461569806
8039.87 331.638 0.302485 31.2371061044 3.81622304466
8270.91 332.386 0.267165 33.0087870554 2.89442082863
8505.32 333.074 0.251879 32.9113193694 1.62121856493
8743.12 333.424 0.23437 34.3491544678 2.05118107748
8984.29 333.976 0.157183 35.1300860284 2.26892202435
9228.83 334.627 0.130234 34.0756967672 0.738284307714
9476.75 335.395 0.125693 36.5270087877 0.775445221871
9728.05 336.025 0.117153 36.8057952277 1.61515714767
9982.73 336.849 0.0999141 37.4913867779 0.959831488281
10240.8 337.736 0.0837148 36.210130433 1.78455039535
10502.2 338.613 0.0729608 36.2630365377 3.20098827082
10767.0 340.986 0.0696476 35.5235948891 0.216831646593
11035.2 342.665 0.0595883 38.3465201748 3.23825336495
11306.8 342.665 0.0392409 37.0544782045 2.77707025647
11581.7 342.665 0.0246646 37.1910480562 3.01531667044
11860.0 342.665 0.0148897 37.8177982938 3.00059059324
12140.0 344.465 0.0100004 37.9317749412 2.93727055937
12420.0 350.065 0.0100006 37.9558367571 2.84529915673
12700.0 355.665 0.01 37.2533693632 3.29236646554
12980.0 361.265 0.0100004 38.4601870842 1.93091232683
13260.0 366.865 0.0100003 37.4468821267 1.60886510518
13540.0 372.465 0.0100002 37.6031626337 1.81166987628
13820.0 378.065 0.0100003 37.7141895017 2.31457588977
14100.0 383.665 0.01 38.5809262348 2.87009603393
14380.0 389.265 0.0100002 38.2311530049 2.45803852121
14660.0 394.865 0.0100001 37.2010657297 3.34984946257
14940.0 400.465 0.0100001 37.4346245002 2.5873620845
15220.0 406.065 0.0100001 38.3556296655 1.91130937392
15500.0 411.665 0.01 37.3444657842 2.6139052959
15780.0 417.265 0.0100001 37.0474214264 2.11994471341
16060.0 422.865 0.01 38.8227176324 3.46699986885
16340.0 428.465 0.01 38.3793959871 3.06689726164
16620.0 434.065 0.01 37.7403024604 3.32719333813
16900.0 439.665 0.01 37.8157349841 2.83083992194
17180.0 445.265 0.00999997 38.2993701294 3.00419828423
17460.0 450.865 0.00999999 38.1933804171 3.41642599022
17740.0 456.465 0.00999998 38.4196734999 3.29243973409
18020.0 462.065 0.00999994 38.484166231 2.047798912
