892.852 306.465 13.7394
10.0 306.465 13.7394 -3.42568166692 2.21533673601
30.0 306.475 13.7283 -4.62684877618 3.66701511212
50.0 306.494 13.7102 -5.0126350443 4.05530081263
70.0 306.522 13.685 -3.92210994197 4.8202344937
90.0 306.564 13.6484 -5.58345713515 5.88704990466
110.0 306.644 13.5816 -4.79904550138 7.44955563382
130.0 306.789 13.4722 -4.8673923477 8.70062897151
150.0 306.864 13.4217 -6.12446825115 7.54197647362
170.0 306.927 13.38 -5.68086851866 9.25277157908
190.0 306.99 13.3383 -4.47651560147 8.17967276521
210.0 307.043 13.2979 -5.24024501517 8.85000820241
230.0 307.095 13.2577 -4.80797464124 9.73251097185
250.0 307.128 13.2307 -4.6756738129 9.24657833869
270.0 307.149 13.212 -3.89414602695 8.9393911986
290.0 307.177 13.1838 -4.16039097607 9.88414814521
310.0 307.216 13.1372 -5.2262039334 10.4432454647
331.688 307.259 13.0893 -3.88889300542 9.65499139209
356.753 307.298 13.0574 -4.70242528793 11.227903995
385.195 307.343 13.0215 -3.6310919253 9.84832108885
417.013 307.395 12.9827 -3.43540946495 10.3416028463
452.208 307.45 12.9446 -3.41426487002 10.3707585224
490.779 307.501 12.9141 -2.92218015788 10.1150478324
532.727 307.553 12.8795 -2.44784787272 10.2739335031
578.052 307.625 12.8261 -2.0069346394 11.9163206775
626.753 307.724 12.7608 -0.891088925532 12.2127499728
678.831 307.834 12.6877 -0.353964921427 11.6897293157
734.286 307.942 12.595 -0.118645503345 11.511764737
793.117 308.051 12.5138 0.495912321891 12.0741588529
855.325 308.191 12.4273 0.4293411488 12.1187288364
920.909 308.403 12.2755 0.977724899751 13.0906887354
989.87 308.681 12.0777 2.46407831715 11.6106101626
1062.21 309.012 11.8039 3.04024977817 12.3034012262
1137.92 309.328 11.4652 4.58009955893 12.4704970905
1217.01 309.673 11.0502 5.43311953952 13.4302402266
1299.48 310.02 10.5741 5.65097092619 13.1360740108
1385.32 310.416 9.98716 6.0639948059 11.326145227
1474.55 310.854 9.41205 7.68488480686 12.278858224
1567.14 311.25 8.9559 6.28715255448 10.6798652587
1663.12 311.55 8.53037 7.53631323452 10.9613273619
1762.47 311.97 7.84578 9.03603456428 10.7541653175
1865.19 312.338 7.29615 10.1853908886 11.1116886345
1971.3 312.853 6.70909 10.2599168156 8.81075113955
2080.78 313.116 6.2318 9.41739428397 10.1317099752
2193.64 313.309 5.9279 10.968042405 10.1268812216
2309.87 313.701 5.41552 12.1535071102 9.04274489008
2429.48 314.066 5.03534 12.4579799153 8.40908459583
2552.47 314.299 4.9296 13.136340484 8.51058192725
2678.83 314.48 4.72413 11.8487938497 7.98016155836
2808.57 314.671 4.57608 13.2670497821 8.68834478688
2941.69 314.887 4.41032 13.3924886946 7.52733946315
3078.18 315.097 4.24994 15.6436854187 7.06753790374
3218.05 315.343 4.0399 16.0706313135 7.57319051299
3361.3 315.637 3.98217 15.8728056266 6.35332885535
3507.92 315.81 3.77932 15.8094608076 8.00385776581
3657.92 316.142 3.44303 16.9538718238 8.19357177584
3811.3 316.684 3.25461 17.9705326436 6.92398175133
3968.05 317.238 2.92848 17.7608919115 7.35238868078
4128.18 317.801 2.6217 18.7173912317 6.8698932606
4291.69 318.391 2.3874 19.4326248385 6.93499384063
4458.57 318.86 2.31662 21.2278709021 7.84750459483
4628.83 319.408 2.0143 22.1528522444 7.28673975092
4802.47 319.954 1.94449 23.3348407266 6.72249453632
4979.48 320.562 1.87345 24.0003503441 6.57887076757
5159.87 321.31 1.63014 24.3411398915 6.00057370522
5343.64 321.823 1.60308 25.0794834485 6.13012230828
5530.78 322.63 1.46316 26.0474129761 6.0084459201
5721.3 323.279 1.31052 26.9004123531 4.28348219809
5915.19 324.128 1.11612 28.4143925919 4.54318022823
6112.47 324.849 1.00613 29.0197105012 5.14856412293
6313.12 325.914 0.944724 29.4888234673 5.53179791985
6517.14 326.915 0.77252 29.6259945128 4.94366098305
6724.55 327.887 0.602893 29.0548913357 5.27630665011
6935.33 328.662 0.509564 30.6740851307 5.49565866548
7149.48 329.278 0.418299 29.851210255 3.46642599397
7367.01 329.819 0.374555 29.9551679518 3.73065417504
7587.92 330.519 0.359266 30.3681638607 3.35145985156
7812.21 331.098 0.324554 31.7910907675 3.27199061517
8039.87 331.638 0.302485 31.9013952259 2.14659698682
8270.91 332.386 0.267165 32.4481329285 3.13777727355
8505.32 333.074 0.251879 32.6319651291 2.34742062833
8743.12 333.424 0.23437 33.0097578588 1.27887607222
8984.29 333.976 0.157183 34.0635295872 2.51543260116
9228.83 334.627 0.130234 35.0982481045 1.31459954946
9476.75 335.395 0.125693 36.3268415843 1.04053015808
9728.05 336.025 0.117153 38.0271227563 1.06267654137
9982.73 336.849 0.0999141 37.8787689044 2.53702082854
10240.8 337.736 0.0837148 37.0386769506 2.28821436849
10502.2 338.613 0.0729608 35.1316007933 3.452528485
10767.0 340.986 0.0696476 37.1122215367 0.986935016779
11035.2 342.665 0.0595883 38.138361244 3.37177307908
11306.8 342.665 0.0392409 37.498556152 3.23176997234
11581.7 342.665 0.0246646 37.1495189382 2.10678168453
11860.0 342.665 0.0148897 36.882455852 2.28166005252
12140.0 344.465 0.0100004 38.6226524427 1.58697185021
12420.0 350.065 0.0100006 38.0544605234 2.2679484704
12700.0 355.665 0.01 38.2329002866 2.53798780966
12980.0 361.265 0.0100004 37.2704908816 3.2587491857
13260.0 366.865 0.0100003 38.1017195365 2.77825703319
13540.0 372.465 0.0100002 37.0327039027 1.68578417252
13820.0 378.065 0.0100003 37.7012247901 2.02997330829
14100.0 383.665 0.01 37.9337726826 2.30212471216
14380.0 389.265 0.0100002 38.7244854192 2.48785340827
14660.0 394.865 0.0100001 37.4679016214 3.48470094499
14940.0 400.465 0.0100001 37.7621281533 2.06105165036
15220.0 406.065 0.0100001 37.1541083062 1.59228885176
15500.0 411.665 0.01 38.0935243228 2.44149966476
15780.0 417.265 0.0100001 38.2341482893 2.77295286445
16060.0 422.865 0.01 38.4083877099 1.88259016291
16340.0 428.465 0.01 37.8935633495 2.96111572947
16620.0 434.065 0.01 38.7431565553 1.64855898447
16900.0 439.665 0.01 37.8870619204 2.87619608122
17180.0 445.265 0.00999997 37.2741894295 2.69935354562
17460.0 450.865 0.00999999 38.3062791647 1.61709186333
17740.0 456.465 0.00999998 38.8356031722 3.14819575366
18020.0 462.065 0.00999994 37.6922001233 2.84391076599
