892.852 306.465 13.7394
10.0 306.465 13.7394 -2.61203498086 3.47909515701
30.0 306.475 13.7283 -4.01662636863 3.14171511646
50.0 306.494 13.7102 -4.58159209493 3.59334136526
70.0 306.522 13.685 -3.78059067148 5.75822927877
90.0 306.564 13.6484 -5.9083764728 6.36913918642
110.0 306.644 13.5816 -5.89656913985 6.06320386485
130.0 306.789 13.4722 -5.04572341043 7.72576510389
150.0 306.864 13.4217 -6.38025339821 8.5490218016
170.0 306.927 13.38 -6.04421550389 8.57467439436
190.0 306.99 13.3383 -5.36165253645 8.48815220073
210.0 307.043 13.2979 -5.30661586633 8.80786555136
230.0 307.095 13.2577 -4.34933876882 9.38367744387
250.0 307.128 13.2307 -4.90020048644 8.39968347948
270.0 307.149 13.212 -5.56016372911 10.1836420892
290.0 307.177 13.1838 -5.00037964731 9.59567203263
310.0 307.216 13.1372 -4.67907900497 10.855799733
331.688 307.259 13.0893 -4.92201438636 9.74032867573
356.753 307.298 13.0574 -3.60817816812 10.2916894696
385.195 307.343 13.0215 -4.49187464829 9.82022701172
417.013 307.395 12.9827 -3.23881007903 11.0881756691
452.208 307.45 12.9446 -2.81557462298 11.8544204098
490.779 307.501 12.9141 -3.28159643605 10.8974626896
532.727 307.553 12.8795 -1.56633170406 10.9215564648
578.052 307.625 12.8261 -1.07754248037 10.6557897934
626.753 307.724 12.7608 -0.891143341428 11.2690427768
678.831 307.834 12.6877 -1.32959457705 11.4863862303
734.286 307.942 12.595 -1.04565629781 12.4723819586
793.117 308.051 12.5138 -0.195564902851 11.4726253469
855.325 308.191 12.4273 0.185770039247 12.4369131654
920.909 308.403 12.2755 0.409802705671 11.2605804003
989.87 308.681 12.0777 1.39289620369 12.6893463855
1062.21 309.012 11.8039 1.81412755959 12.7938261232
1137.92 309.328 11.4652 3.83554089416 11.6999403724
1217.01 309.673 11.0502 4.91334925699 11.7185937794
1299.48 310.02 10.5741 5.32239147739 12.72168254
1385.32 310.416 9.98716 5.68807419031 11.5722877507
1474.55 310.854 9.41205 6.45556818035 12.5183512919
1567.14 311.25 8.9559 7.04747503227 10.8792377301
1663.12 311.55 8.53037 8.0210576801 10.8112553742
1762.47 311.97 7.84578 9.19316893932 11.3617484553
1865.19 312.338 7.29615 8.84043501103 10.0900886354
1971.3 312.853 6.70909 9.68616954166 9.69257135993
2080.78 313.116 6.2318 10.4049817045 8.48616427507
2193.64 313.309 5.9279 10.6985992996 10.0451103451
2309.87 313.701 5.41552 11.7367241374 9.37460481681
2429.48 314.066 5.03534 11.1280870812 7.73086630302
2552.47 314.299 4.9296 13.4054248155 8.25002033724
2678.83 314.48 4.72413 12.8817432005 8.21507085501
2808.57 314.671 4.57608 14.6179924368 9.03505976965
2941.69 314.887 4.41032 14.0700540183 8.07597312607
3078.18 315.097 4.24994 15.3564511568 7.36203654786
3218.05 315.343 4.0399 16.17114358 7.84847370709
3361.3 315.637 3.98217 16.1050488848 7.47351950254
3507.92 315.81 3.77932 17.3835455745 8.24629087755
3657.92 316.142 3.44303 17.9699121496 6.37859068389
3811.3 316.684 3.25461 17.0778390005 7.60516368785
3968.05 317.238 2.92848 18.6351809963 6.62522606926
4128.18 317.801 2.6217 19.8576404559 8.2012746308
4291.69 318.391 2.3874 20.4401508108 8.73684890563
4458.57 318.86 2.31662 20.7309777874 8.25457861669
4628.83 319.408 2.0143 20.8561178047 6.5287315111
4802.47 319.954 1.94449 22.902292185 6.44280780891
4979.48 320.562 1.87345 23.1736482855 6.76016830542
5159.87 321.31 1.63014 23.5198580157 7.47922953629
5343.64 321.823 1.60308 24.9344436004 5.57182017573
5530.78 322.63 1.46316 26.2292383875 4.41516060565
5721.3 323.279 1.31052 27.8921723207 4.76217866285
5915.19 324.128 1.11612 27.8670888682 4.60880333592
6112.47 324.849 1.00613 28.2517365865 5.5140584859
6313.12 325.914 0.944724 28.2415252192 5.12896578714
6517.14 326.915 0.77252 29.3537950499 5.15915676509
6724.55 327.887 0.602893 29.2049945718 5.35579438874
6935.33 328.662 0.509564 29.559827094 5.13651295336
7149.48 329.278 0.418299 31.2623187594 3.82934813336
7367.01 329.819 0.374555 30.546235851 3.8854141355
7587.92 330.519 0.359266 29.9829495323 3.31915866037
7812.21 331.098 0.324554 32.4950285183 3.00787443139
8039.87 331.638 0.302485 32.5871440549 3.01976428156
8270.91 332.386 0.267165 33.340584896 3.61170049075
8505.32 333.074 0.251879 32.0395245756 2.47087397529
8743.12 333.424 0.23437 34.5996582759 2.76065478643
8984.29 333.976 0.157183 34.0781576158 1.16918426642
9228.83 334.627 0.130234 35.1444777645 -0.143021315883
9476.75 335.395 0.125693 35.4047097292 1.66791491102
9728.05 336.025 0.117153 37.6183777643 1.06719087473
9982.73 336.849 0.0999141 35.9953807826 0.9751630983
10240.8 337.736 0.0837148 35.815283698 3.11085889166
10502.2 338.613 0.0729608 36.1682583109 2.38228557657
10767.0 340.986 0.0696476 35.545142943 -0.174332830888
11035.2 342.665 0.0595883 37.2208834575 2.44031762154
11306.8 342.665 0.0392409 38.3888895506 2.17687991123
11581.7 342.665 0.0246646 37.4823211463 1.81519892492
11860.0 342.665 0.0148897 38.4147360006 2.83997594824
12140.0 344.465 0.0100004 38.7721210505 2.85584428988
12420.0 350.065 0.0100006 36.9407090006 2.47949144354
12700.0 355.665 0.01 37.4860027213 2.39503581672
12980.0 361.265 0.0100004 37.8797743279 2.80821314087
13260.0 366.865 0.0100003 38.004157388 2.62650896201
13540.0 372.465 0.0100002 37.4832694398 2.15463667947
13820.0 378.065 0.0100003 37.5298601927 3.25384535634
14100.0 383.665 0.01 38.6242736335 3.50122122582
14380.0 389.265 0.0100002 38.1078260686 2.08233231848
14660.0 394.865 0.0100001 38.0794660524 2.79174189251
14940.0 400.465 0.0100001 38.7852803257 3.28665362407
15220.0 406.065 0.0100001 38.5433594103 2.99491170269
15500.0 411.665 0.01 38.4734052866 2.62391739793
15780.0 417.265 0.0100001 37.6669449355 1.76699824414
16060.0 422.865 0.01 38.1842304096 1.94857773348
16340.0 428.465 0.01 37.1954207348 2.33768647865
16620.0 434.065 0.01 38.7709776851 1.64227251239
16900.0 439.665 0.01 38.3907229355 1.98594104951
17180.0 445.265 0.00999997 36.8908341019 2.49688908628
17460.0 450.865 0.00999999 37.7468449391 1.89315920239
17740.0 456.465 0.00999998 38.1140891445 2.32207753327
18020.0 462.065 0.00999994 37.8399262139 2.51698503546
