892.852 306.465 13.7394
10.0 306.465 13.7394 -2.68531672176 3.30598174086
30.0 306.475 13.7283 -4.43280619836 2.81034594786
50.0 306.494 13.7102 -4.00590648604 4.408076757
70.0 306.522 13.685 -4.14505638754 4.46091777402
90.0 306.564 13.6484 -4.050814813 6.83520729098
110.0 306.644 13.5816 -4.55930189987 7.61548791891
130.0 306.789 13.4722 -6.37588668708 8.403321229
150.0 306.864 13.4217 -5.33283889165 8.11174444568
170.0 306.927 13.38 -6.23398740814 8.51374735151
190.0 306.99 13.3383 -4.44468750893 9.49404753204
210.0 307.043 13.2979 -5.14165634658 9.12088991175
230.0 307.095 13.2577 -4.66759278668 8.93020193569
250.0 307.128 13.2307 -5.68888873584 10.0574879501
270.0 307.149 13.212 -5.52493787285 9.82449311374
290.0 307.177 13.1838 -4.07377188734 9.43166694677
310.0 307.216 13.1372 -5.50698937515 9.81990988869
331.688 307.259 13.0893 -4.00725294959 10.0195206652
356.753 307.298 13.0574 -4.29722812553 10.0571119173
385.195 307.343 13.0215 -3.59427042616 10.0833464614
417.013 307.395 12.9827 -2.86218010817 9.88188576807
452.208 307.45 12.9446 -2.77192580213 10.6229996027
490.779 307.501 12.9141 -3.12084728066 11.8390643856
532.727 307.553 12.8795 -1.96649532774 10.4458672455
578.052 307.625 12.8261 -1.22432327498 10.8796981047
626.753 307.724 12.7608 -1.61155140985 12.4324087732
678.831 307.834 12.6877 -0.265079185506 12.66156936
734.286 307.942 12.595 -0.518559312286 12.0975769014
793.117 308.051 12.5138 0.322401599715 11.2779230589
855.325 308.191 12.4273 -0.222056472399 13.0230267072
920.909 308.403 12.2755 0.660184923939 12.7171012812
989.87 308.681 12.0777 2.52954597092 12.2417768471
1062.21 309.012 11.8039 3.22686632361 12.1676263191
1137.92 309.328 11.4652 4.15074507985 11.7522410027
1217.01 309.673 11.0502 5.31871972476 11.8147949845
1299.48 310.02 10.5741 5.55231297696 13.4457090272
1385.32 310.416 9.98716 5.44816092676 11.4541201848
1474.55 310.854 9.41205 7.16790455973 12.0922212557
1567.14 311.25 8.9559 7.59195240628 12.1932865762
1663.12 311.55 8.53037 8.79051521735 11.7272353909
1762.47 311.97 7.84578 7.88943505473 9.84017608752
1865.19 312.338 7.29615 9.47783769495 10.9749272789
1971.3 312.853 6.70909 9.52027181066 9.39010773284
2080.78 313.116 6.2318 11.0709274 9.01197675925
2193.64 313.309 5.9279 11.8118903551 9.67170654436
2309.87 313.701 5.41552 10.7258589265 8.47012935734
2429.48 314.066 5.03534 11.3571971916 8.0883237073
2552.47 314.299 4.9296 11.6940466816 8.4975447494
2678.83 314.48 4.72413 12.491916724 8.71774512029
2808.57 314.671 4.57608 13.5594682063 8.40147224998
2941.69 314.887 4.41032 14.4573716122 8.0661569652
3078.18 315.097 4.24994 14.1270428796 7.5793303073
3218.05 315.343 4.0399 16.1438630546 8.30844141719
3361.3 315.637 3.98217 16.6406592447 7.07640380695
3507.92 315.81 3.77932 17.520392492 7.23938406852
3657.92 316.142 3.44303 16.4804044948 7.16447399828
3811.3 316.684 3.25461 17.5171456896 7.57732913579
3968.05 317.238 2.92848 17.6931259104 7.70660457387
4128.18 317.801 2.6217 18.6769899123 6.80082885038
4291.69 318.391 2.3874 18.8477282984 8.07268420275
4458.57 318.86 2.31662 19.3655185074 7.46254680202
4628.83 319.408 2.0143 22.0461202601 7.76845136515
4802.47 319.954 1.94449 22.4937966507 7.23845052332
4979.48 320.562 1.87345 22.7193211934 6.91538544906
5159.87 321.31 1.63014 23.9370509113 7.03901526302
5343.64 321.823 1.60308 25.937556901 6.56201813132
5530.78 322.63 1.46316 26.0583439846 4.82519120883
5721.3 323.279 1.31052 27.2639620071 5.84519344694
5915.19 324.128 1.11612 26.747474613 4.64364428733
6112.47 324.849 1.00613 27.4562279013 5.70449645169
6313.12 325.914 0.944724 29.5991276892 6.00039820614
6517.14 326.915 0.77252 28.2662894831 5.20036995095
6724.55 327.887 0.602893 30.1025137577 3.88226360299
6935.33 328.662 0.509564 29.8355596813 4.19093092887
7149.48 329.278 0.418299 29.5549772663 3.82332218665
7367.01 329.819 0.374555 30.0406579495 4.22851505638
7587.92 330.519 0.359266 31.2888304702 4.08962280797
7812.21 331.098 0.324554 30.6809733463 3.27255836764
8039.87 331.638 0.302485 31.3308914863 3.09035086851
8270.91 332.386 0.267165 32.1339328366 3.70890432604
8505.32 333.074 0.251879 33.7266943155 1.72868451814
8743.12 333.424 0.23437 32.7993067366 2.06412559113
8984.29 333.976 0.157183 34.0582483251 1.46707677534
9228.83 334.627 0.130234 33.886898833 0.728179515292
9476.75 335.395 0.125693 35.4253946331 1.29411809143
9728.05 336.025 0.117153 38.3651356783 1.3653464849
9982.73 336.849 0.0999141 36.1094922324 0.680559597116
10240.8 337.736 0.0837148 37.0972419404 2.5885530485
10502.2 338.613 0.0729608 36.3977392068 2.29339857151
10767.0 340.986 0.0696476 36.7171872926 0.373236524138
11035.2 342.665 0.0595883 38.7548128144 2.0356237977
11306.8 342.665 0.0392409 38.724411603 1.5866690968
11581.7 342.665 0.0246646 37.4404835413 2.31972032504
11860.0 342.665 0.0148897 37.0782736304 3.30013055205
12140.0 344.465 0.0100004 37.3526323462 3.09674091329
12420.0 350.065 0.0100006 37.3473621744 3.32435130781
12700.0 355.665 0.01 38.4532209153 1.94206985845
12980.0 361.265 0.0100004 37.805584969 2.33832237128
13260.0 366.865 0.0100003 37.9265007997 2.09402410716
13540.0 372.465 0.0100002 38.1966989303 3.42814770627
13820.0 378.065 0.0100003 38.7131700658 3.44325489267
14100.0 383.665 0.01 38.1759221402 2.52886935011
14380.0 389.265 0.0100002 37.1864497686 3.32320970018
14660.0 394.865 0.0100001 36.9599852442 3.17106544792
14940.0 400.465 0.0100001 38.212380099 1.67543680019
15220.0 406.065 0.0100001 37.0313527783 1.7529488819
15500.0 411.665 0.01 37.5248906507 2.18662683793
15780.0 417.265 0.0100001 36.94192718 2.61994934489
16060.0 422.865 0.01 38.1945614851 2.3307432684
16340.0 428.465 0.01 37.6145571215 1.71711558595
16620.0 434.065 0.01 38.7912847506 2.13006027525
16900.0 439.665 0.01 38.4372107562 1.65176518841
17180.0 445.265 0.00999997 38.5824416063 2.82032770966
17460.0 450.865 0.00999999 37.2176666386 2.11581293719
17740.0 456.465 0.00999998 37.0638011046 2.61270146871
18020.0 462.065 0.00999994 36.9647081992 2.92189535568
