892.852 306.465 13.7394
10 306.465 13.7394 -3.16257 2.70448
30 306.475 13.7283 -3.74475 3.59231
50 306.494 13.7102 -4.22161 4.50886
70 306.522 13.685 -4.64956 5.39609
90 306.564 13.6484 -5.0169 6.18419
110 306.644 13.5816 -5.3505 7.01219
130 306.789 13.4722 -5.42511 7.71076
150 306.864 13.4217 -5.38531 8.16566
170 306.927 13.38 -5.24716 8.46511
190 306.99 13.3383 -5.109 8.76456
210 307.043 13.2979 -4.98667 8.93785
230 307.095 13.2577 -4.86644 9.09427
250 307.128 13.2307 -4.80604 9.28742
270 307.149 13.212 -4.7851 9.5048
290 307.177 13.1838 -4.71707 9.71399
310 307.216 13.1372 -4.55036 9.90604
331.688 307.259 13.0893 -4.36556 10.1134
356.753 307.298 13.0574 -4.11726 10.3453
385.195 307.343 13.0215 -3.84997 10.5658
417.013 307.395 12.9827 -3.57867 10.7308
452.208 307.45 12.9446 -3.31789 10.8608
490.779 307.501 12.9141 -2.95326 10.9809
532.727 307.553 12.8795 -2.46358 11.1224
578.052 307.625 12.8261 -1.93385 11.3073
626.753 307.724 12.7608 -1.51769 11.5288
678.831 307.834 12.6877 -1.14149 11.786
734.286 307.942 12.595 -0.645068 12.0455
793.117 308.051 12.5138 -0.190948 12.0916
855.325 308.191 12.4273 0.337705 12.0341
920.909 308.403 12.2755 1.02271 12.213
989.87 308.681 12.0777 1.76678 12.3306
1062.21 309.012 11.8039 2.73692 12.3541
1137.92 309.328 11.4652 3.68419 12.2211
1217.01 309.673 11.0502 4.58663 12.437
1299.48 310.02 10.5741 5.35725 12.5977
1385.32 310.416 9.98716 6.06398 12.1244
1474.55 310.854 9.41205 6.72036 11.6564
1567.14 311.25 8.9559 7.18673 11.3276
1663.12 311.55 8.53037 7.84487 11.1243
1762.47 311.97 7.84578 8.54464 10.6943
1865.19 312.338 7.29615 9.24233 10.1287
1971.3 312.853 6.70909 9.97552 9.66393
2080.78 313.116 6.2318 10.3439 9.30348
2193.64 313.309 5.9279 10.8807 9.14209
2309.87 313.701 5.41552 11.5043 8.74616
2429.48 314.066 5.03534 11.942 8.60894
2552.47 314.299 4.9296 12.5962 8.28428
2678.83 314.48 4.72413 12.8399 8.4029
2808.57 314.671 4.57608 13.6836 8.10896
2941.69 314.887 4.41032 14.194 7.95273
3078.18 315.097 4.24994 14.6889 7.57382
3218.05 315.343 4.0399 15.4204 7.56788
3361.3 315.637 3.98217 16.0316 7.34104
3507.92 315.81 3.77932 16.7659 7.3913
3657.92 316.142 3.44303 17.0697 7.3477
3811.3 316.684 3.25461 17.831 7.32098
3968.05 317.238 2.92848 18.6772 7.41581
4128.18 317.801 2.6217 19.3946 7.35793
4291.69 318.391 2.3874 19.7745 7.83
4458.57 318.86 2.31662 20.3151 7.57428
4628.83 319.408 2.0143 21.8501 7.50145
4802.47 319.954 1.94449 22.3977 7.21206
4979.48 320.562 1.87345 23.2146 6.70146
5159.87 321.31 1.63014 24.3383 6.65703
5343.64 321.823 1.60308 25.1866 6.03304
5530.78 322.63 1.46316 26.0214 5.27459
5721.3 323.279 1.31052 27.2761 5.25651
5915.19 324.128 1.11612 27.6138 5.18236
6112.47 324.849 1.00613 28.4494 5.27441
6313.12 325.914 0.944724 28.7352 5.10938
6517.14 326.915 0.77252 28.9309 4.79992
6724.55 327.887 0.602893 29.8009 4.51376
6935.33 328.662 0.509564 30.1314 4.56665
7149.48 329.278 0.418299 30.3493 4.0871
7367.01 329.819 0.374555 30.6335 3.60541
7587.92 330.519 0.359266 30.8358 3.51134
7812.21 331.098 0.324554 31.6571 3.36803
8039.87 331.638 0.302485 31.8882 3.10404
8270.91 332.386 0.267165 32.4356 2.88193
8505.32 333.074 0.251879 32.9774 2.38546
8743.12 333.424 0.23437 33.6071 1.84605
8984.29 333.976 0.157183 34.2335 1.66502
9228.83 334.627 0.130234 34.48 0.779481
9476.75 335.395 0.125693 35.8104 0.775408
9728.05 336.025 0.117153 37.5631 0.964548
9982.73 336.849 0.0999141 36.8932 1.66336
10240.8 337.736 0.0837148 36.24 2.11784
10502.2 338.613 0.0729608 36.1241 2.76468
10767 340.986 0.0696476 36.2362 0.229617
11035.2 342.665 0.0595883 37.8599 2.51929
11306.8 342.665 0.0392409 37.8599 2.51929
11581.7 342.665 0.0246646 37.8599 2.51929
11860 342.665 0.0148897 37.8599 2.51929
12140 344.465 0.0100004 37.8599 2.51929
12420 350.065 0.0100006 37.8599 2.51929
12700 355.665 0.01 37.8599 2.51929
12980 361.265 0.0100004 37.8599 2.51929
13260 366.865 0.0100003 37.8599 2.51929
13540 372.465 0.0100002 37.8599 2.51929
13820 378.065 0.0100003 37.8599 2.51929
14100 383.665 0.01 37.8599 2.51929
14380 389.265 0.0100002 37.8599 2.51929
14660 394.865 0.0100001 37.8599 2.51929
14940 400.465 0.0100001 37.8599 2.51929
15220 406.065 0.0100001 37.8599 2.51929
15500 411.665 0.01 37.8599 2.51929
15780 417.265 0.0100001 37.8599 2.51929
16060 422.865 0.01 37.8599 2.51929
16340 428.465 0.01 37.8599 2.51929
16620 434.065 0.01 37.8599 2.51929
16900 439.665 0.01 37.8599 2.51929
17180 445.265 0.00999997 37.8599 2.51929
17460 450.865 0.00999999 37.8599 2.51929
17740 456.465 0.00999998 37.8599 2.51929
18020 462.065 0.00999994 37.8599 2.51929
