892.852 306.465 13.7394
10.0 306.465 13.7394 -3.21317757344 3.26931103922
30.0 306.475 13.7283 -3.81766301309 2.80911896573
50.0 306.494 13.7102 -3.65885272887 4.25122297807
70.0 306.522 13.685 -5.60797497937 5.80134088992
90.0 306.564 13.6484 -5.10477361352 6.17341184151
110.0 306.644 13.5816 -5.44028508278 7.9774073743
130.0 306.789 13.4722 -5.33441422054 6.86224473012
150.0 306.864 13.4217 -5.21536822407 7.52275102885
170.0 306.927 13.38 -5.62311384218 7.91963107739
190.0 306.99 13.3383 -5.70579980823 9.645642546
210.0 307.043 13.2979 -4.52361825494 8.45453330391
230.0 307.095 13.2577 -4.23857466028 8.60224600284
250.0 307.128 13.2307 -5.7947425256 9.35241397981
270.0 307.149 13.212 -5.11004891992 8.60699326624
290.0 307.177 13.1838 -5.26211979063 8.88404953276
310.0 307.216 13.1372 -4.09353462236 9.87993576997
331.688 307.259 13.0893 -4.22347383092 10.0015801076
356.753 307.298 13.0574 -4.73230407369 10.1294559849
385.195 307.343 13.0215 -3.87199543769 9.90207266397
417.013 307.395 12.9827 -3.62808707736 10.8781613129
452.208 307.45 12.9446 -3.12364938589 10.2861874634
490.779 307.501 12.9141 -3.16012004177 11.1829131004
532.727 307.553 12.8795 -3.38262808759 11.510083235
578.052 307.625 12.8261 -1.90753715746 11.249909288
626.753 307.724 12.7608 -1.2323007486 11.9507941415
678.831 307.834 12.6877 -0.55312274044 11.343648703
734.286 307.942 12.595 -0.281687981698 11.1076643859
793.117 308.051 12.5138 -1.0670683172 12.2554439466
855.325 308.191 12.4273 0.137528531807 11.3589113846
920.909 308.403 12.2755 0.859278509208 13.1473880636
989.87 308.681 12.0777 2.76652254818 12.9765119706
1062.21 309.012 11.8039 2.16809631527 12.6108646297
1137.92 309.328 11.4652 3.98999009058 12.2808055325
1217.01 309.673 11.0502 5.52223421005 12.0486132945
1299.48 310.02 10.5741 5.07528624705 12.958401363
1385.32 310.416 9.98716 5.47020972367 12.2286712966
1474.55 310.854 9.41205 6.66576475209 10.9197915766
1567.14 311.25 8.9559 7.77828624381 11.4919869647
1663.12 311.55 8.53037 7.94395420802 10.3201922698
1762.47 311.97 7.84578 9.37649626121 11.3949541166
1865.19 312.338 7.29615 9.46937292612 9.49294348063
1971.3 312.853 6.70909 9.42638983651 9.84680481586
2080.78 313.116 6.2318 10.6219124351 9.93759469855
2193.64 313.309 5.9279 11.239276126 9.66447683385
2309.87 313.701 5.41552 11.9983878148 8.07137146684
2429.48 314.066 5.03534 11.4607231992 9.48494746962
2552.47 314.299 4.9296 12.6659754214 8.65307957072
2678.83 314.48 4.72413 12.0955504171 8.66494191533
2808.57 314.671 4.57608 13.9067888097 7.93563210636
2941.69 314.887 4.41032 14.8839119353 7.82518299288
3078.18 315.097 4.24994 14.0053391215 8.05976811533
3218.05 315.343 4.0399 15.3494699756 7.63817110806
3361.3 315.637 3.98217 16.8970986419 7.68733035132
3507.92 315.81 3.77932 16.3380879673 6.68779954348
3657.92 316.142 3.44303 16.4346417818 7.82009975269
3811.3 316.684 3.25461 17.0861209384 8.05216675675
3968.05 317.238 2.92848 17.7235208945 7.52046558118
4128.18 317.801 2.6217 19.6705782154 6.59847821746
4291.69 318.391 2.3874 19.178273822 8.54005999001
4458.57 318.86 2.31662 19.5659949811 7.5244059885
4628.83 319.408 2.0143 21.6118159775 6.65805070707
4802.47 319.954 1.94449 22.7319820433 6.72152383478
4979.48 320.562 1.87345 22.3390404206 6.43419837541
5159.87 321.31 1.63014 24.4549238053 6.25112331774
5343.64 321.823 1.60308 26.0241009515 6.49759593992
5530.78 322.63 1.46316 25.9827976805 6.19045341245
5721.3 323.279 1.31052 26.7005857756 5.31813894149
5915.19 324.128 1.11612 27.1805667321 4.96271939503
6112.47 324.849 1.00613 28.4922273312 4.96585151725
6313.12 325.914 0.944724 28.822803552 5.65442383118
6517.14 326.915 0.77252 29.2833828662 5.16102431437
6724.55 327.887 0.602893 29.2144347409 5.43981066532
6935.33 328.662 0.509564 31.0134672388 5.55471786488
7149.48 329.278 0.418299 30.7265189677 4.10624124659
7367.01 329.819 0.374555 31.1492946148 4.436346203
7587.92 330.519 0.359266 30.2885473577 3.12999893403
7812.21 331.098 0.324554 31.0829483157 2.50206061364
8039.87 331.638 0.302485 32.7268916634 3.34412848602
8270.91 332.386 0.267165 32.5706385709 3.59390419145
8505.32 333.074 0.251879 33.7099352768 2.21742062344
8743.12 333.424 0.23437 34.3176483819 1.67847566559
8984.29 333.976 0.157183 33.307831712 2.50500047104
9228.83 334.627 0.130234 34.5811073444 0.589848609334
9476.75 335.395 0.125693 36.1637644603 -0.189310073174
9728.05 336.025 0.117153 37.0133157182 0.884012116939
9982.73 336.849 0.0999141 35.9926021842 1.86211896198
10240.8 337.736 0.0837148 35.390215143 1.82381793681
10502.2 338.613 0.0729608 37.0996071197 1.76715871704
10767.0 340.986 0.0696476 35.5330449695 0.701136811969
11035.2 342.665 0.0595883 38.4192830177 3.24337304735
11306.8 342.665 0.0392409 38.6914032053 1.6960653807
11581.7 342.665 0.0246646 38.671339305 3.38864245201
11860.0 342.665 0.0148897 38.1707149401 3.07726463016
12140.0 344.465 0.0100004 38.7104680513 1.71901281687
12420.0 350.065 0.0100006 37.7591523379 3.28974816202
12700.0 355.665 0.01 37.5842134462 1.60811360121
12980.0 361.265 0.0100004 38.3127398122 1.58552485853
13260.0 366.865 0.0100003 37.534972079 2.57128662051
13540.0 372.465 0.0100002 38.6543672837 2.75500302697
13820.0 378.065 0.0100003 38.4327077091 3.4637080139
14100.0 383.665 0.01 38.2522354146 2.37233079466
14380.0 389.265 0.0100002 38.7602447313 2.61754085653
14660.0 394.865 0.0100001 37.3548384812 2.13918495582
14940.0 400.465 0.0100001 37.7283259184 2.81962922722
15220.0 406.065 0.0100001 38.6970523622 3.06882373433
15500.0 411.665 0.01 36.986361441 3.01455094671
15780.0 417.265 0.0100001 38.7785216222 2.54868906337
16060.0 422.865 0.01 37.9790571925 2.93304766008
16340.0 428.465 0.01 38.2888262556 1.67471071886
16620.0 434.065 0.01 38.3086565233 2.0085694097
16900.0 439.665 0.01 37.2647444358 2.71148157286
17180.0 445.265 0.00999997 38.2961253916 1.78707271887
17460.0 450.865 0.00999999 38.6002645241 2.49004692494
17740.0 456.465 0.00999998 37.2302627666 2.00833418128
18020.0 462.065 0.00999994 38.2404217424 1.79185311925
