892.852 306.465 13.7394
10.0 306.465 13.7394 -3.37403281984 3.28263859818
30.0 306.475 13.7283 -4.64779148842 4.40827554011
50.0 306.494 13.7102 -3.53826867905 3.7242219193
70.0 306.522 13.685 -4.26102542367 5.75532452999
90.0 306.564 13.6484 -5.07394699893 5.66021118338
110.0 306.644 13.5816 -6.00685041141 7.03572633878
130.0 306.789 13.4722 -5.36979372618 8.24358000459
150.0 306.864 13.4217 -5.83094746467 7.70259795952
170.0 306.927 13.38 -4.60186337854 8.63681062507
190.0 306.99 13.3383 -4.38763932188 8.39275140562
210.0 307.043 13.2979 -5.93681429941 9.16945142634
230.0 307.095 13.2577 -4.0602458959 8.85327127816
250.0 307.128 13.2307 -4.75450535755 8.61628746046
270.0 307.149 13.212 -4.79256903408 9.54118254538
290.0 307.177 13.1838 -3.72915062593 10.3207942743
310.0 307.216 13.1372 -5.1974478729 9.08578781794
331.688 307.259 13.0893 -4.23374801332 9.18591482893
356.753 307.298 13.0574 -3.90894248436 10.2308556253
385.195 307.343 13.0215 -3.0042605803 10.3395794734
417.013 307.395 12.9827 -2.9937450856 10.0863771582
452.208 307.45 12.9446 -3.36694370833 10.6394490365
490.779 307.501 12.9141 -2.58738825691 10.2447222277
532.727 307.553 12.8795 -3.41718199558 10.8570522711
578.052 307.625 12.8261 -2.45340473969 11.5406884048
626.753 307.724 12.7608 -1.02961813696 10.9160171822
678.831 307.834 12.6877 -0.661474449125 11.5573917836
734.286 307.942 12.595 -1.54048266308 12.8602670136
793.117 308.051 12.5138 -1.02001981285 11.7216788973
855.325 308.191 12.4273 0.843804556461 11.7373918505
920.909 308.403 12.2755 1.70627376887 12.0616677248
989.87 308.681 12.0777 2.02857637766 12.8611474122
1062.21 309.012 11.8039 3.13722839034 12.042049708
1137.92 309.328 11.4652 3.08588621775 12.668163265
1217.01 309.673 11.0502 5.36008615771 12.11328105
1299.48 310.02 10.5741 5.59233238713 11.9078738165
1385.32 310.416 9.98716 6.19608412775 12.2088953113
1474.55 310.854 9.41205 6.98918118518 12.2854748446
1567.14 311.25 8.9559 6.61200581947 10.7307450969
1663.12 311.55 8.53037 8.4523243549 10.4758301071
1762.47 311.97 7.84578 8.37669220115 11.1425459054
1865.19 312.338 7.29615 8.66391053833 10.7099967422
1971.3 312.853 6.70909 9.38088370831 10.5320444881
2080.78 313.116 6.2318 10.45791584 9.95674667774
2193.64 313.309 5.9279 10.377571318 9.79584761533
2309.87 313.701 5.41552 11.3238517335 9.73245312442
2429.48 314.066 5.03534 12.8143207195 9.04360108664
2552.47 314.299 4.9296 13.0275788134 9.25750642579
2678.83 314.48 4.72413 13.6730975946 7.40879084196
2808.57 314.671 4.57608 13.1867989072 7.87933887706
2941.69 314.887 4.41032 14.2646523172 7.57349260523
3078.18 315.097 4.24994 15.6323107812 7.36592840599
3218.05 315.343 4.0399 16.2623949784 6.56798283789
3361.3 315.637 3.98217 15.8755028236 6.69810747973
3507.92 315.81 3.77932 16.5320559699 7.30491923193
3657.92 316.142 3.44303 17.1191263132 7.38426539647
3811.3 316.684 3.25461 17.716544159 7.11593164686
3968.05 317.238 2.92848 18.3883510018 8.24574035166
4128.18 317.801 2.6217 19.4906603511 8.18104110375
4291.69 318.391 2.3874 19.8762089799 6.84237062024
4458.57 318.86 2.31662 20.9763956763 8.26627107603
4628.83 319.408 2.0143 21.2575507772 8.23094283717
4802.47 319.954 1.94449 23.1940008276 6.60384009866
4979.48 320.562 1.87345 23.8150638567 7.38016112963
5159.87 321.31 1.63014 23.4297945358 5.76481677462
5343.64 321.823 1.60308 25.9716787758 6.53752352249
5530.78 322.63 1.46316 26.8484944344 5.54269261738
5721.3 323.279 1.31052 28.0888305686 5.81988087004
5915.19 324.128 1.11612 26.8132423431 4.22518987587
6112.47 324.849 1.00613 28.472434316 4.65482296605
6313.12 325.914 0.944724 29.157330632 5.22349432645
6517.14 326.915 0.77252 29.584509484 5.0831955628
6724.55 327.887 0.602893 29.0467373213 3.88675443154
6935.33 328.662 0.509564 30.9413939872 3.93437336811
7149.48 329.278 0.418299 29.4622926587 5.05408572958
7367.01 329.819 0.374555 30.3652250518 4.48744852126
7587.92 330.519 0.359266 31.4876502932 3.92543569127
7812.21 331.098 0.324554 31.0554254089 3.9383708862
8039.87 331.638 0.302485 32.621063535 3.20446237975
8270.91 332.386 0.267165 32.7292836064 3.44306816653
8505.32 333.074 0.251879 33.6473376212 3.32553464492
8743.12 333.424 0.23437 33.5474498021 1.38421411706
8984.29 333.976 0.157183 34.534585653 1.47749591514
9228.83 334.627 0.130234 34.102174772 0.746228625474
9476.75 335.395 0.125693 35.6257213412 0.986111629998
9728.05 336.025 0.117153 38.3448509544 1.48151412078
9982.73 336.849 0.0999141 37.6045814513 1.25022409871
10240.8 337.736 0.0837148 35.446839715 1.57942376798
10502.2 338.613 0.0729608 35.668029661 2.32700938108
10767.0 340.986 0.0696476 36.343414232 0.183702794744
11035.2 342.665 0.0595883 37.4409624029 3.39125260012
11306.8 342.665 0.0392409 38.8523717645 1.73809737791
11581.7 342.665 0.0246646 37.8351267045 2.74374613202
11860.0 342.665 0.0148897 37.4591286821 2.07747856934
12140.0 344.465 0.0100004 38.7949750705 1.9014162899
12420.0 350.065 0.0100006 37.1677285627 2.60827409252
12700.0 355.665 0.01 38.2031808684 3.05932957974
12980.0 361.265 0.0100004 38.0432824171 2.12208121698
13260.0 366.865 0.0100003 37.219507086 1.61760799718
13540.0 372.465 0.0100002 38.7866531734 1.79556877559
13820.0 378.065 0.0100003 38.0359860337 3.0765482169
14100.0 383.665 0.01 37.6679640798 3.43303291984
14380.0 389.265 0.0100002 38.196028124 3.34026698021
14660.0 394.865 0.0100001 38.3325935537 2.22802888043
14940.0 400.465 0.0100001 38.6825249239 3.46011084769
15220.0 406.065 0.0100001 37.7421483144 3.23083225227
15500.0 411.665 0.01 38.5305229405 2.56066885786
15780.0 417.265 0.0100001 37.4671838456 2.39659348363
16060.0 422.865 0.01 37.0918752032 3.38089075322
16340.0 428.465 0.01 38.5351953301 2.0790914871
16620.0 434.065 0.01 38.4680426805 1.72076899786
16900.0 439.665 0.01 37.8868921082 3.50051373576
17180.0 445.265 0.00999997 36.9477888738 2.43039156689
17460.0 450.865 0.00999999 37.1888673747 3.41631199274
17740.0 456.465 0.00999998 37.336482016 2.55855899487
18020.0 462.065 0.00999994 37.5202955072 1.55744912382
