892.852 306.465 13.7394
10.0 306.465 13.7394 -3.2086381857 2.51016066757
30.0 306.475 13.7283 -4.09113491943 2.9285009472
50.0 306.494 13.7102 -3.59786745881 4.79405836043
70.0 306.522 13.685 -4.22031572758 4.56047294786
90.0 306.564 13.6484 -4.69198004064 6.09328263243
110.0 306.644 13.5816 -5.54555225756 7.34793635286
130.0 306.789 13.4722 -6.04386863799 7.14347201277
150.0 306.864 13.4217 -4.87987828105 8.51100803023
170.0 306.927 13.38 -6.17722104731 8.77250834391
190.0 306.99 13.3383 -6.04145447482 8.48658988642
210.0 307.043 13.2979 -4.1452460204 8.61043698853
230.0 307.095 13.2577 -4.19366136413 8.09888613697
250.0 307.128 13.2307 -5.71676309577 9.54067548425
270.0 307.149 13.212 -5.7663218605 8.85788891009
290.0 307.177 13.1838 -5.34339511513 9.76648014921
310.0 307.216 13.1372 -3.82689566835 9.56919363157
331.688 307.259 13.0893 -5.24944775053 10.8222272493
356.753 307.298 13.0574 -4.47905193921 11.1938433099
385.195 307.343 13.0215 -4.80170558497 10.8543752825
417.013 307.395 12.9827 -2.60460423297 10.6868278212
452.208 307.45 12.9446 -2.34088842474 10.2819479178
490.779 307.501 12.9141 -1.99296347871 11.8921675961
532.727 307.553 12.8795 -2.37964158038 10.4833152123
578.052 307.625 12.8261 -2.26390554112 10.5314233948
626.753 307.724 12.7608 -2.17418648016 12.5227638885
678.831 307.834 12.6877 -0.90603436909 12.4298424629
734.286 307.942 12.595 -0.664447604075 12.1682628818
793.117 308.051 12.5138 -0.412681548391 11.8871725802
855.325 308.191 12.4273 1.09499846114 11.9406374462
920.909 308.403 12.2755 1.57179824882 12.9640001388
989.87 308.681 12.0777 1.35278277327 13.237222304
1062.21 309.012 11.8039 2.65393033981 11.8572604678
1137.92 309.328 11.4652 4.61117365964 12.0418369792
1217.01 309.673 11.0502 3.88785697847 11.81216041
1299.48 310.02 10.5741 5.42189905439 13.3843615441
1385.32 310.416 9.98716 6.84769476731 12.8111491571
1474.55 310.854 9.41205 6.42309096589 11.9242774078
1567.14 311.25 8.9559 7.3349316654 12.2125228983
1663.12 311.55 8.53037 7.75022011117 11.7373191889
1762.47 311.97 7.84578 8.30010641676 10.4969312639
1865.19 312.338 7.29615 8.88147616816 9.88919743395
1971.3 312.853 6.70909 9.45418646768 9.50457489148
2080.78 313.116 6.2318 9.86844675576 9.27743206047
2193.64 313.309 5.9279 10.2917804696 8.57370611953
2309.87 313.701 5.41552 11.5981762359 8.67162876858
2429.48 314.066 5.03534 12.3217716825 8.10438451995
2552.47 314.299 4.9296 12.4459472217 7.73960693802
2678.83 314.48 4.72413 11.8769921924 7.68110134351
2808.57 314.671 4.57608 13.961618289 7.24036273311
2941.69 314.887 4.41032 13.8638127204 7.59159493149
3078.18 315.097 4.24994 15.0388893208 7.6247720137
3218.05 315.343 4.0399 15.6299021515 6.84987267602
3361.3 315.637 3.98217 15.3736636967 7.48828303335
3507.92 315.81 3.77932 16.4007979238 7.84069405622
3657.92 316.142 3.44303 16.7820829848 7.73670659034
3811.3 316.684 3.25461 18.6753219363 7.62266037241
3968.05 317.238 2.92848 19.4646870822 7.44490565324
4128.18 317.801 2.6217 19.1473499037 7.97981763006
4291.69 318.391 2.3874 20.1084940317 7.96119617809
4458.57 318.86 2.31662 19.4700401771 7.7746087521
4628.83 319.408 2.0143 22.4041088039 8.1881523576
4802.47 319.954 1.94449 21.4854087009 7.33922287367
4979.48 320.562 1.87345 22.7640438348 6.15106513686
5159.87 321.31 1.63014 24.4513409536 7.09360442132
5343.64 321.823 1.60308 24.2725791011 6.0081686304
5530.78 322.63 1.46316 25.4017346393 4.3539992546
5721.3 323.279 1.31052 26.7433458624 4.31878993116
5915.19 324.128 1.11612 27.7859094255 5.0510239135
6112.47 324.849 1.00613 28.0311957899 6.21403617194
6313.12 325.914 0.944724 29.2910788824 4.39349940025
6517.14 326.915 0.77252 28.1594313367 4.55701413028
6724.55 327.887 0.602893 29.9299392797 4.56071046963
6935.33 328.662 0.509564 29.4909355057 4.77337612458
7149.48 329.278 0.418299 29.3565207499 3.59859728637
7367.01 329.819 0.374555 31.2934802823 3.88713799644
7587.92 330.519 0.359266 31.3403203641 4.0556681403
7812.21 331.098 0.324554 31.9993220501 4.06820163718
8039.87 331.638 0.302485 32.8105241427 2.66819485357
8270.91 332.386 0.267165 33.3934491215 3.07853147179
8505.32 333.074 0.251879 33.0832713178 2.80627469546
8743.12 333.424 0.23437 33.0421365369 1.29770558779
8984.29 333.976 0.157183 34.1061511608 2.62804950309
9228.83 334.627 0.130234 33.8508807529 0.0763204962663
9476.75 335.395 0.125693 36.6854708158 1.07297378924
9728.05 336.025 0.117153 37.6264138083 0.35186511022
9982.73 336.849 0.0999141 36.107393741 0.846076472673
10240.8 337.736 0.0837148 36.6716174613 2.8687140852
10502.2 338.613 0.0729608 36.4036133512 2.29323577585
10767.0 340.986 0.0696476 36.2555417818 0.437434012079
11035.2 342.665 0.0595883 37.2720574288 3.00020680903
11306.8 342.665 0.0392409 37.9981895466 3.20350562082
11581.7 342.665 0.0246646 36.9444682103 2.80305045084
11860.0 342.665 0.0148897 37.527437248 2.57385295522
12140.0 344.465 0.0100004 38.4420889235 3.44875159318
12420.0 350.065 0.0100006 38.0146880524 1.72328133324
12700.0 355.665 0.01 38.5730347515 2.06938115097
12980.0 361.265 0.0100004 38.2259253427 2.19179295536
13260.0 366.865 0.0100003 37.4357623171 2.09588463137
13540.0 372.465 0.0100002 38.1892690281 2.12042404611
13820.0 378.065 0.0100003 37.5818359318 1.96386423247
14100.0 383.665 0.01 38.8493325064 2.5009176391
14380.0 389.265 0.0100002 38.6840670086 2.81905286266
14660.0 394.865 0.0100001 37.7726908904 1.884286893
14940.0 400.465 0.0100001 37.3522674853 2.06171361424
15220.0 406.065 0.0100001 37.6537690067 2.00204137531
15500.0 411.665 0.01 37.4852989047 2.103013666
15780.0 417.265 0.0100001 38.1070677005 2.15818111036
16060.0 422.865 0.01 38.1721894809 1.75768023856
16340.0 428.465 0.01 36.9658284053 2.25860137825
16620.0 434.065 0.01 37.3892707536 3.39087787029
16900.0 439.665 0.01 38.4679542749 1.82288998977
17180.0 445.265 0.00999997 36.9110179899 2.6364260001
17460.0 450.865 0.00999999 37.0612724498 1.74439193253
17740.0 456.465 0.00999998 36.8881257933 1.93115010226
18020.0 462.065 0.00999994 38.6304570281 1.76974632171
