875.68 308.059 11.999
10.0 308.059 11.999 -3.90088681458 1.89363620768
30.0 308.094 11.8876 -4.63393431035 3.17664229932
50.0 308.13 11.7771 -6.94204953008 3.25578577943
70.0 308.147 11.7183 -7.20853294607 4.93953801935
90.0 308.157 11.6789 -8.61548617039 5.0790074575
110.0 308.179 11.6557 -10.0669192095 5.05522875053
130.0 308.216 11.6528 -9.09653799353 5.14051094291
150.0 308.251 11.6477 -8.78272034614 5.76016242502
170.0 308.27 11.6331 -9.99074671515 5.42104827017
190.0 308.289 11.6179 -10.0436071317 5.32810930749
210.0 308.3 11.5939 -9.99683184763 6.17277752061
230.0 308.309 11.5683 -9.68456851311 5.27347558675
250.0 308.323 11.5313 -10.1932980507 6.68526315814
270.0 308.341 11.487 -9.11457367018 5.68710640115
290.0 308.361 11.4411 -9.09446983561 7.14890991594
310.0 308.382 11.3919 -9.22592677882 6.27070149842
331.688 308.403 11.345 -9.48088830846 6.74720482194
356.753 308.42 11.3473 -8.92933262723 7.40130495774
385.195 308.439 11.3538 -8.65285681904 7.19527128449
417.013 308.458 11.3695 -8.75202718314 7.15229369257
452.208 308.491 11.337 -8.24027759615 6.72991383657
490.779 308.527 11.2822 -8.51515203379 7.18469506411
532.727 308.568 11.2301 -8.03642577154 7.17066880382
578.052 308.627 11.1843 -8.16347652175 9.10594112968
626.753 308.69 11.1176 -6.84167058349 8.29771882691
678.831 308.745 11.0244 -6.95956134506 8.03283492897
734.286 308.815 10.9253 -6.80096177872 8.9575638803
793.117 308.939 10.8158 -7.04071481806 8.10430051452
855.325 309.151 10.6979 -6.35484469446 9.8114243686
920.909 309.488 10.4969 -5.04195011463 9.19635580582
989.87 309.881 10.1441 -3.09030387003 8.67176335157
1062.21 310.188 9.84216 -2.34946421398 9.27526783239
1137.92 310.418 9.50988 -1.8383081041 10.7897013398
1217.01 310.641 9.12642 -1.05825492335 9.7203053012
1299.48 310.898 8.71888 0.21644133043 10.8890116923
1385.32 311.162 8.30908 0.61756343754 10.3905391888
1474.55 311.439 8.14204 0.7014619883 10.8023770762
1567.14 311.899 7.69201 2.59127784974 10.8830972797
1663.12 312.237 7.42466 2.83033957575 10.79856545
1762.47 312.492 7.16066 3.7427970625 11.593090839
1865.19 312.927 6.58758 6.21903490156 10.343554101
1971.3 313.427 6.15712 8.29410405606 11.004902191
2080.78 313.883 5.78147 9.52292877593 9.37412119753
2193.64 314.235 5.42094 10.0646773217 9.46269682035
2309.87 314.587 5.03193 11.693505245 8.81746891044
2429.48 314.793 4.83555 12.2538508325 7.83307013259
2552.47 315.061 4.58509 12.8962578305 8.0693523654
2678.83 315.247 4.35779 13.2471016566 7.5745991644
2808.57 315.55 3.99363 15.6071127241 8.65527879178
2941.69 315.737 3.78931 15.8647784569 7.17514856847
3078.18 315.894 3.55644 14.7729868727 8.34362614898
3218.05 316.009 3.34406 15.5547718809 8.94644652688
3361.3 316.133 3.17526 14.744594001 7.41288383105
3507.92 316.314 3.02613 16.0160654073 7.45615794483
3657.92 316.521 2.80523 16.4604038193 7.73473888109
3811.3 316.652 2.7258 16.6291450312 7.29354962981
3968.05 316.948 2.4292 15.9115761046 7.76777952815
4128.18 317.283 2.1853 16.2075560124 6.75996802938
4291.69 317.733 2.037 16.6613262659 7.11760108175
4458.57 318.369 1.87858 17.2648619024 5.62179106115
4628.83 318.96 1.78461 18.5405079719 6.49447904837
4802.47 319.916 1.36487 19.3710504554 5.29078708493
4979.48 320.574 1.37531 19.8238689765 5.12393756929
5159.87 321.199 1.13326 18.7055525185 4.54838510751
5343.64 321.726 0.961748 19.0448052245 4.52071916948
5530.78 322.413 0.954802 18.9461356108 4.308845537
5721.3 323.42 0.732502 20.5164571624 2.79543867641
5915.19 324.512 0.721617 21.2849966966 1.80968833826
6112.47 324.983 0.694901 21.9840824948 2.1012076733
6313.12 325.335 0.749235 22.5957646379 1.68170402722
6517.14 325.792 0.655267 21.2735191055 0.869213346569
6724.55 326.626 0.51606 23.3312062787 2.66013266771
6935.33 327.414 0.440731 24.1418382155 3.03685943908
7149.48 328.265 0.324969 26.8037564005 2.66263497891
7367.01 328.933 0.234545 27.3395895824 3.41670543782
7587.92 329.457 0.228971 27.0720527414 4.87566084061
7812.21 330.101 0.204973 27.568685804 4.90698567392
8039.87 331.041 0.17868 29.7759863398 3.81876276889
8270.91 331.851 0.1511 30.94199381 4.7781145894
8505.32 332.575 0.149475 31.4474127378 6.00410087898
8743.12 333.227 0.13604 31.5647077918 7.37923721357
8984.29 333.817 0.119733 30.2481116378 4.96507148121
9228.83 334.481 0.111644 31.7218271434 7.86187223948
9476.75 335.115 0.0964861 31.8102133426 5.55346863818
9728.05 336.461 0.0895507 29.0727502361 3.70823888383
9982.73 336.969 0.0693807 28.7049419811 4.99791374974
10240.8 337.715 0.0539959 29.2784243933 3.40253528969
10502.2 338.485 0.0480087 29.9888452952 2.53744599734
10767.0 339.221 0.0356302 29.6142427115 2.57325601424
11035.2 340.002 0.0272233 29.7459399633 3.95202347603
11306.8 340.002 0.0211112 29.1144575019 4.15643622457
11581.7 340.002 0.0161552 29.1005156733 3.50662441435
11860.0 340.002 0.012193 29.794613943 3.72359614575
12140.0 341.802 0.0100004 30.3824868909 4.03104610008
12420.0 347.402 0.0100005 29.6098471999 4.05435635847
12700.0 353.002 0.01 29.74321785 4.41382987876
12980.0 358.602 0.0100004 29.2233130455 3.27435551343
13260.0 364.202 0.0100002 30.2478565577 3.05865968332
13540.0 369.802 0.0100002 29.5570772201 4.5063685013
13820.0 375.402 0.0100003 29.2812699084 3.32044284538
14100.0 381.002 0.01 29.7694130593 2.77711307646
14380.0 386.602 0.0100002 30.0129297238 3.83495138787
14660.0 392.202 0.0100001 29.1523281963 3.85577126078
14940.0 397.802 0.0100001 30.8280090089 3.85905592685
15220.0 403.402 0.0100001 29.830072135 3.42306200634
15500.0 409.002 0.01 29.3624212227 4.63322071256
15780.0 414.602 0.01 29.1121870705 3.78754037045
16060.0 420.202 0.01 29.6866980112 3.1634047777
16340.0 425.802 0.01 30.2109723447 2.94066965453
16620.0 431.402 0.00999999 30.7765386074 3.30713598975
16900.0 437.002 0.01 29.3351374181 3.68227917447
17180.0 442.602 0.00999997 28.8581664442 3.67741599645
17460.0 448.202 0.00999997 30.6009398677 3.90672412927
17740.0 453.802 0.00999997 29.1693218172 3.60730222583
18020.0 459.402 0.00999993 30.6725402186 3.09905774174
