875.68 308.059 11.999
10.0 308.059 11.999 -2.89083392092 1.78845139008
30.0 308.094 11.8876 -5.36950287489 2.84126230769
50.0 308.13 11.7771 -7.10290389405 4.49571022297
70.0 308.147 11.7183 -7.22276135614 4.68465918765
90.0 308.157 11.6789 -8.00154453852 5.06869772637
110.0 308.179 11.6557 -8.2319121466 3.97632692538
130.0 308.216 11.6528 -8.61377402647 5.93489494287
150.0 308.251 11.6477 -10.599868575 5.86455314645
170.0 308.27 11.6331 -10.2746697013 5.94030380595
190.0 308.289 11.6179 -8.99917399749 6.31473749208
210.0 308.3 11.5939 -10.6726403506 6.57823152537
230.0 308.309 11.5683 -9.40489046677 5.08051019606
250.0 308.323 11.5313 -9.2731132996 6.47182023841
270.0 308.341 11.487 -8.95825849078 6.58593456501
290.0 308.361 11.4411 -9.60012526122 7.26634877448
310.0 308.382 11.3919 -9.13731977322 5.65059651792
331.688 308.403 11.345 -7.85050912538 6.62719113555
356.753 308.42 11.3473 -9.30269117827 7.06586675331
385.195 308.439 11.3538 -8.78894084821 6.32999731412
417.013 308.458 11.3695 -8.96336203209 6.58664537663
452.208 308.491 11.337 -8.54426511912 6.74872424997
490.779 308.527 11.2822 -8.64649163423 8.34424613313
532.727 308.568 11.2301 -8.70311859683 8.15130247077
578.052 308.627 11.1843 -8.36743713018 8.41050458354
626.753 308.69 11.1176 -8.64079815278 8.11173217234
678.831 308.745 11.0244 -8.0823501076 8.72559077245
734.286 308.815 10.9253 -6.77543683892 9.54712526583
793.117 308.939 10.8158 -6.27926125445 9.93623112621
855.325 309.151 10.6979 -6.06082378028 9.40886702074
920.909 309.488 10.4969 -3.91883173949 10.1460903126
989.87 309.881 10.1441 -2.81095761925 8.50200676271
1062.21 310.188 9.84216 -2.42539241898 9.68700155814
1137.92 310.418 9.50988 -2.60661724261 10.5678945623
1217.01 310.641 9.12642 -0.50515814464 9.0641021131
1299.48 310.898 8.71888 0.058159754279 9.58306779251
1385.32 311.162 8.30908 0.00102629366356 10.5432367257
1474.55 311.439 8.14204 0.627622736125 11.0489958785
1567.14 311.899 7.69201 1.48087607515 10.7978810926
1663.12 312.237 7.42466 2.38079039301 10.6924722641
1762.47 312.492 7.16066 3.94827123363 10.7416736255
1865.19 312.927 6.58758 6.22664750705 11.0997069083
1971.3 313.427 6.15712 6.92088418751 10.1104490148
2080.78 313.883 5.78147 8.64049118655 10.7124583839
2193.64 314.235 5.42094 9.96927033504 9.89321604716
2309.87 314.587 5.03193 10.8820239524 8.43515572356
2429.48 314.793 4.83555 12.1225657629 9.58086443319
2552.47 315.061 4.58509 13.4336688789 7.92162991032
2678.83 315.247 4.35779 14.0246497556 8.44488455563
2808.57 315.55 3.99363 13.7732845362 8.84903633217
2941.69 315.737 3.78931 14.1989404412 7.61768446471
3078.18 315.894 3.55644 14.4250184623 8.03764321693
3218.05 316.009 3.34406 14.3925425743 9.04459405799
3361.3 316.133 3.17526 14.4941220372 7.46633920674
3507.92 316.314 3.02613 14.5665284753 8.19912505512
3657.92 316.521 2.80523 14.8316565184 6.48180816867
3811.3 316.652 2.7258 16.0425141118 7.70243522416
3968.05 316.948 2.4292 16.2400088283 7.11005313073
4128.18 317.283 2.1853 16.4337374548 6.35698369182
4291.69 317.733 2.037 17.9512721117 6.81972073542
4458.57 318.369 1.87858 17.456377893 6.04938022221
4628.83 318.96 1.78461 18.6079870458 5.26493814201
4802.47 319.916 1.36487 18.1396844309 3.98693854357
4979.48 320.574 1.37531 18.9426147642 3.94201324335
5159.87 321.199 1.13326 19.1660022103 3.97269526389
5343.64 321.726 0.961748 19.5271569983 4.34593984184
5530.78 322.413 0.954802 20.2253098156 4.39850660542
5721.3 323.42 0.732502 19.848238309 3.74221974495
5915.19 324.512 0.721617 19.9517931262 1.9188195636
6112.47 324.983 0.694901 21.7176007842 3.09834739127
6313.12 325.335 0.749235 21.237794656 1.34317020481
6517.14 325.792 0.655267 21.7933470358 1.81381244663
6724.55 326.626 0.51606 24.3977602474 2.46669475647
6935.33 327.414 0.440731 24.1484880898 3.08606791553
7149.48 328.265 0.324969 26.4772474239 4.30910798045
7367.01 328.933 0.234545 26.2424033008 4.49525869746
7587.92 329.457 0.228971 26.1672006974 3.40436655593
7812.21 330.101 0.204973 28.7978156748 4.62995796511
8039.87 331.041 0.17868 29.8548540167 3.60063312355
8270.91 331.851 0.1511 30.5700990443 4.97462862438
8505.32 332.575 0.149475 31.2992039758 5.65191179794
8743.12 333.227 0.13604 31.2530362682 7.06850168811
8984.29 333.817 0.119733 30.2747313376 3.95345014427
9228.83 334.481 0.111644 32.8407668519 5.98788960966
9476.75 335.115 0.0964861 33.2592960652 5.90210418179
9728.05 336.461 0.0895507 30.2632456927 4.02726587561
9982.73 336.969 0.0693807 29.3316876752 5.442587991
10240.8 337.715 0.0539959 29.4589516831 2.49941806324
10502.2 338.485 0.0480087 30.1868551985 3.02191026703
10767.0 339.221 0.0356302 28.3049991894 3.71378352263
11035.2 340.002 0.0272233 29.9906084245 2.96181929758
11306.8 340.002 0.0211112 29.377062861 4.11239047338
11581.7 340.002 0.0161552 28.9675718534 4.02248423222
11860.0 340.002 0.012193 29.3024791362 4.57309655997
12140.0 341.802 0.0100004 29.6754311069 3.70348923813
12420.0 347.402 0.0100005 30.4333021504 2.7126841018
12700.0 353.002 0.01 30.3427429183 4.295036573
12980.0 358.602 0.0100004 29.3539731863 2.91452554848
13260.0 364.202 0.0100002 30.2643498335 3.19507649777
13540.0 369.802 0.0100002 29.2524006829 4.126610652
13820.0 375.402 0.0100003 29.6631461702 3.66103388193
14100.0 381.002 0.01 30.1141244459 3.36560728093
14380.0 386.602 0.0100002 30.7712094897 3.96072834657
14660.0 392.202 0.0100001 29.5085594777 4.55480524147
14940.0 397.802 0.0100001 30.1862880964 2.68978595509
15220.0 403.402 0.0100001 30.7589603773 3.6362964499
15500.0 409.002 0.01 29.0782883106 2.80744957345
15780.0 414.602 0.01 30.3485115494 4.29371005594
16060.0 420.202 0.01 29.9348792918 4.45428190583
16340.0 425.802 0.01 30.2213941657 3.54335591028
16620.0 431.402 0.00999999 30.1130983059 3.57661007529
16900.0 437.002 0.01 30.5906422778 4.01541938553
17180.0 442.602 0.00999997 30.457304087 3.365640466
17460.0 448.202 0.00999997 30.1080540894 3.86385947747
17740.0 453.802 0.00999997 29.6536123249 3.6874248397
18020.0 459.402 0.00999993 30.6826134855 3.31705453625
