875.68 308.059 11.999
10.0 308.059 11.999 -2.9493078949 2.664335611
30.0 308.094 11.8876 -5.04404781072 3.72738020968
50.0 308.13 11.7771 -6.87883625502 3.29816741183
70.0 308.147 11.7183 -8.36362262828 4.32284562499
90.0 308.157 11.6789 -8.99307811652 3.83054461647
110.0 308.179 11.6557 -8.23825511696 5.05106625041
130.0 308.216 11.6528 -9.52493431076 4.59261222976
150.0 308.251 11.6477 -8.94664741876 5.78593799701
170.0 308.27 11.6331 -8.99977689854 6.25586699872
190.0 308.289 11.6179 -8.88262945933 6.54137997593
210.0 308.3 11.5939 -9.49595274814 5.76961450006
230.0 308.309 11.5683 -10.2683868338 5.3258843816
250.0 308.323 11.5313 -9.30065598027 5.85861730852
270.0 308.341 11.487 -9.47710217831 6.19394461829
290.0 308.361 11.4411 -9.88627954026 6.27760054228
310.0 308.382 11.3919 -7.99722907472 6.64689959874
331.688 308.403 11.345 -8.30543548557 7.35690750868
356.753 308.42 11.3473 -9.46491877024 6.19569101905
385.195 308.439 11.3538 -8.9980658734 7.43464637713
417.013 308.458 11.3695 -9.01024136938 6.45198143944
452.208 308.491 11.337 -7.59105933018 8.13506857545
490.779 308.527 11.2822 -7.58389475571 6.76393863941
532.727 308.568 11.2301 -8.5131079008 8.43380491204
578.052 308.627 11.1843 -7.65199199224 8.53382093289
626.753 308.69 11.1176 -6.85509527366 8.02231832362
678.831 308.745 11.0244 -6.97063462236 8.50554469245
734.286 308.815 10.9253 -6.3851013781 9.71124555057
793.117 308.939 10.8158 -7.31630199085 9.46698110265
855.325 309.151 10.6979 -4.73175973821 9.87742237912
920.909 309.488 10.4969 -4.77807295488 9.26212918588
989.87 309.881 10.1441 -3.3218280938 9.12733245875
1062.21 310.188 9.84216 -2.36735449797 8.94910316746
1137.92 310.418 9.50988 -2.52897889604 9.63760338437
1217.01 310.641 9.12642 -1.19259780578 10.8513167733
1299.48 310.898 8.71888 -0.153307279343 10.2749320138
1385.32 311.162 8.30908 -0.734357562214 11.7968079826
1474.55 311.439 8.14204 -0.115854395942 11.6016640236
1567.14 311.899 7.69201 2.59589127876 12.238137272
1663.12 312.237 7.42466 2.99528660612 11.9569997778
1762.47 312.492 7.16066 4.56515470003 10.0922214911
1865.19 312.927 6.58758 5.46301903122 10.5666276394
1971.3 313.427 6.15712 6.72722503689 11.4633126556
2080.78 313.883 5.78147 9.16760872571 10.7361543526
2193.64 314.235 5.42094 10.0806602786 8.88974057108
2309.87 314.587 5.03193 11.0535929515 9.76162900272
2429.48 314.793 4.83555 11.7737476696 8.23477737859
2552.47 315.061 4.58509 12.4014703365 9.24976313292
2678.83 315.247 4.35779 13.6237978883 9.05059872119
2808.57 315.55 3.99363 13.829912263 9.07105334819
2941.69 315.737 3.78931 15.7810609179 7.84307778903
3078.18 315.894 3.55644 14.4925161142 8.29081010446
3218.05 316.009 3.34406 14.8652208445 7.68881620003
3361.3 316.133 3.17526 15.9076196022 7.52019860173
3507.92 316.314 3.02613 15.7800491475 8.24051557201
3657.92 316.521 2.80523 15.2181079267 8.1065701984
3811.3 316.652 2.7258 15.9360840808 7.72564148603
3968.05 316.948 2.4292 17.6193375928 6.68485087555
4128.18 317.283 2.1853 17.0780903994 6.97419611822
4291.69 317.733 2.037 17.1619155462 7.09355828482
4458.57 318.369 1.87858 18.5843990069 5.32417258041
4628.83 318.96 1.78461 19.0639416693 6.23040556057
4802.47 319.916 1.36487 18.8867155486 4.49202689211
4979.48 320.574 1.37531 18.3942480236 4.53016955016
5159.87 321.199 1.13326 19.6140531417 4.67110818739
5343.64 321.726 0.961748 20.1681278732 4.55054731516
5530.78 322.413 0.954802 20.0943451748 4.00668301609
5721.3 323.42 0.732502 19.0300345632 4.0432273213
5915.19 324.512 0.721617 21.277258639 2.35773584632
6112.47 324.983 0.694901 21.9608666742 2.44153560325
6313.12 325.335 0.749235 21.2298161625 2.30774168182
6517.14 325.792 0.655267 21.6372187316 2.6845779068
6724.55 326.626 0.51606 22.8445561649 2.54859975578
6935.33 327.414 0.440731 24.3327396877 2.43730101325
7149.48 328.265 0.324969 26.0918738513 4.21914875111
7367.01 328.933 0.234545 27.4131890239 5.37929889399
7587.92 329.457 0.228971 27.2899616261 4.3572776899
7812.21 330.101 0.204973 27.1722485202 4.20736569806
8039.87 331.041 0.17868 28.7159061044 4.38678304466
8270.91 331.851 0.1511 31.3137870554 4.32934082863
8505.32 332.575 0.149475 30.9939193694 4.34421856493
8743.12 333.227 0.13604 31.3129544678 6.93568107748
8984.29 333.817 0.119733 31.8117860284 5.49524202435
9228.83 334.481 0.111644 31.8434967672 6.91124330771
9476.75 335.115 0.0964861 33.1873087877 6.12566722187
9728.05 336.461 0.0895507 28.6397952277 5.22718914767
9982.73 336.969 0.0693807 29.8204867779 4.04223148828
10240.8 337.715 0.0539959 28.922130433 2.68683039535
10502.2 338.485 0.0480087 30.4747365377 2.54358827082
10767.0 339.221 0.0356302 28.0799948891 3.12377464659
11035.2 340.002 0.0272233 30.3151201748 4.36031336495
11306.8 340.002 0.0211112 29.0230782045 3.89913025647
11581.7 340.002 0.0161552 29.1596480562 4.13737667044
11860.0 340.002 0.012193 29.7863982938 4.12265059324
12140.0 341.802 0.0100004 29.9003749412 4.05933055937
12420.0 347.402 0.0100005 29.9244367571 3.96735915673
12700.0 353.002 0.01 29.2219693632 4.41442646554
12980.0 358.602 0.0100004 30.4287870842 3.05297232683
13260.0 364.202 0.0100002 29.4154821267 2.73092510518
13540.0 369.802 0.0100002 29.5717626337 2.93372987628
13820.0 375.402 0.0100003 29.6827895017 3.43663588977
14100.0 381.002 0.01 30.5495262348 3.99215603393
14380.0 386.602 0.0100002 30.1997530049 3.58009852121
14660.0 392.202 0.0100001 29.1696657297 4.47190946257
14940.0 397.802 0.0100001 29.4032245002 3.7094220845
15220.0 403.402 0.0100001 30.3242296655 3.03336937392
15500.0 409.002 0.01 29.3130657842 3.7359652959
15780.0 414.602 0.01 29.0160214264 3.24200471341
16060.0 420.202 0.01 30.7913176324 4.58905986885
16340.0 425.802 0.01 30.3479959871 4.18895726164
16620.0 431.402 0.00999999 29.7089024604 4.44925333813
16900.0 437.002 0.01 29.7843349841 3.95289992194
17180.0 442.602 0.00999997 30.2679701294 4.12625828423
17460.0 448.202 0.00999997 30.1619804171 4.53848599022
17740.0 453.802 0.00999997 30.3882734999 4.41449973409
18020.0 459.402 0.00999993 30.452766231 3.169858912
