875.68 308.059 11.999
10.0 308.059 11.999 -3.06445498086 3.01818515701
30.0 308.094 11.8876 -5.26577636863 2.42733511646
50.0 308.13 11.7771 -6.73279209493 2.59677136526
70.0 308.147 11.7183 -6.60729067148 4.41111927877
90.0 308.157 11.6789 -9.3643264728 4.73272918642
110.0 308.179 11.6557 -9.71401913985 3.96381386485
130.0 308.216 11.6528 -9.10151341043 5.12325510389
150.0 308.251 11.6477 -10.7451833982 5.6772018016
170.0 308.27 11.6331 -10.5902755039 5.53773439436
190.0 308.289 11.6179 -10.0888425365 5.28610220073
210.0 308.3 11.5939 -10.0568258663 5.60854555136
230.0 308.309 11.5683 -9.10142876882 6.20953744387
250.0 308.323 11.5313 -9.54938048644 5.21296347948
270.0 308.341 11.487 -10.0373137291 6.95941208918
290.0 308.361 11.4411 -9.36760964731 6.33115203263
310.0 308.382 11.3919 -9.06654900497 7.54511973304
331.688 308.403 11.345 -9.34648438636 6.37915867573
356.753 308.42 11.3473 -8.20535816812 6.86829946956
385.195 308.439 11.3538 -9.25910464829 6.35249701172
417.013 308.458 11.3695 -8.14656007903 7.62109566908
452.208 308.491 11.337 -7.80891462298 8.35470040978
490.779 308.527 11.2822 -8.37759643605 7.37122268959
532.727 308.568 11.2301 -6.93936170406 7.50508646477
578.052 308.627 11.1843 -6.95118248037 7.5226597934
626.753 308.69 11.1176 -7.07540334143 8.31315277675
678.831 308.745 11.0244 -7.49916457705 8.44528623032
734.286 308.815 10.9253 -7.26785829781 9.30779195855
793.117 308.939 10.8158 -6.33992690285 8.37560534693
855.325 309.151 10.6979 -5.58626496075 9.42603316544
920.909 309.488 10.4969 -4.93134729433 8.26534040032
989.87 309.881 10.1441 -3.87682379631 9.85036638546
1062.21 310.188 9.84216 -3.74277244041 10.3068161232
1137.92 310.418 9.50988 -1.96230910584 9.42572037241
1217.01 310.641 9.12642 -0.833270743013 9.23802377943
1299.48 310.898 8.71888 -0.283348522607 10.64158254
1385.32 311.162 8.30908 -0.313938909694 10.4309877507
1474.55 311.439 8.14204 0.613239180351 12.1181512919
1567.14 311.899 7.69201 2.17937503227 10.9737377301
1663.12 312.237 7.42466 3.3518676801 10.9731553742
1762.47 312.492 7.16066 4.77066893932 11.7058484553
1865.19 312.927 6.58758 5.16866501103 10.9378886354
1971.3 313.427 6.15712 7.34148954166 10.7222413599
2080.78 313.883 5.78147 9.00356170451 9.42238427507
2193.64 314.235 5.42094 10.2724992996 10.6196603451
2309.87 314.587 5.03193 12.0073241374 9.89267481681
2429.48 314.793 4.83555 11.1323870812 7.90180630302
2552.47 315.061 4.58509 13.7854248155 8.70449033724
2678.83 315.247 4.35779 13.8055432005 8.12325085501
2808.57 315.55 3.99363 15.5970924368 9.25545976965
2941.69 315.737 3.78931 14.8850540183 8.15358312607
3078.18 315.894 3.55644 15.7205511568 8.20477654786
3218.05 316.009 3.34406 15.99974358 8.67789370709
3361.3 316.133 3.17526 15.4622488848 8.10893950254
3507.92 316.314 3.02613 15.8340455745 8.41383087755
3657.92 316.521 2.80523 16.4896121496 6.47638068389
3811.3 316.652 2.7258 15.0791390005 7.63645368785
3968.05 316.948 2.4292 16.6617809963 6.39816606926
4128.18 317.283 2.1853 17.5444404559 7.9048346308
4291.69 317.733 2.037 18.0644508108 7.41698890563
4458.57 318.369 1.87858 18.4346777874 6.58147861669
4628.83 318.96 1.78461 17.5882178047 5.2355615111
4802.47 319.916 1.36487 19.290392185 3.71128780891
4979.48 320.574 1.37531 18.8149482855 4.23672830542
5159.87 321.199 1.13326 17.8508580157 5.42916953629
5343.64 321.726 0.961748 19.2159436004 3.52148017573
5530.78 322.413 0.954802 19.6491383875 2.81010060565
5721.3 323.42 0.732502 20.5791723207 2.76507866285
5915.19 324.512 0.721617 21.1340888682 2.08890333592
6112.47 324.983 0.694901 21.6492365865 2.9234884859
6313.12 325.335 0.749235 21.4564252192 2.13959578714
6517.14 325.792 0.655267 22.3989950499 2.20079676509
6724.55 326.626 0.51606 23.0233945718 3.45912438874
6935.33 327.414 0.440731 23.977427094 3.15423295336
7149.48 328.265 0.324969 27.0900187594 3.39500813336
7367.01 328.933 0.234545 26.421835851 4.6958441355
7587.92 329.457 0.228971 26.2143495323 4.08808866037
7812.21 330.101 0.204973 28.9893285183 3.93062443139
8039.87 331.041 0.17868 30.0659440549 3.59032428156
8270.91 331.851 0.1511 31.645584896 5.04662049075
8505.32 332.575 0.149475 30.1221245756 5.19387397529
8743.12 333.227 0.13604 31.5634582759 7.64515478643
8984.29 333.817 0.119733 30.7598576158 4.39550426642
9228.83 334.481 0.111644 32.9122777645 6.02993768412
9476.75 335.115 0.0964861 32.0650097292 7.01813691102
9728.05 336.461 0.0895507 29.4523777643 4.67922287473
9982.73 336.969 0.0693807 28.3244807826 4.0575630983
10240.8 337.715 0.0539959 28.527283698 4.01313889166
10502.2 338.485 0.0480087 30.3799583109 1.72488557657
10767.0 339.221 0.0356302 28.101542943 2.73261016911
11035.2 340.002 0.0272233 29.1894834575 3.56237762154
11306.8 340.002 0.0211112 30.3574895506 3.29893991123
11581.7 340.002 0.0161552 29.4509211463 2.93725892492
11860.0 340.002 0.012193 30.3833360006 3.96203594824
12140.0 341.802 0.0100004 30.7407210505 3.97790428988
12420.0 347.402 0.0100005 28.9093090006 3.60155144354
12700.0 353.002 0.01 29.4546027213 3.51709581672
12980.0 358.602 0.0100004 29.8483743279 3.93027314087
13260.0 364.202 0.0100002 29.972757388 3.74856896201
13540.0 369.802 0.0100002 29.4518694398 3.27669667947
13820.0 375.402 0.0100003 29.4984601927 4.37590535634
14100.0 381.002 0.01 30.5928736335 4.62328122582
14380.0 386.602 0.0100002 30.0764260686 3.20439231848
14660.0 392.202 0.0100001 30.0480660524 3.91380189251
14940.0 397.802 0.0100001 30.7538803257 4.40871362407
15220.0 403.402 0.0100001 30.5119594103 4.11697170269
15500.0 409.002 0.01 30.4420052866 3.74597739793
15780.0 414.602 0.01 29.6355449355 2.88905824414
16060.0 420.202 0.01 30.1528304096 3.07063773348
16340.0 425.802 0.01 29.1640207348 3.45974647865
16620.0 431.402 0.00999999 30.7395776851 2.76433251239
16900.0 437.002 0.01 30.3593229355 3.10800104951
17180.0 442.602 0.00999997 28.8594341019 3.61894908628
17460.0 448.202 0.00999997 29.7154449391 3.01521920239
17740.0 453.802 0.00999997 30.0826891445 3.44413753327
18020.0 459.402 0.00999993 29.8085262139 3.63904503546
