875.68 308.059 11.999
10.0 308.059 11.999 -3.6610581857 2.04925066757
30.0 308.094 11.8876 -5.34028491943 2.2141209472
50.0 308.13 11.7771 -5.74906745881 3.79748836043
70.0 308.147 11.7183 -7.04701572758 3.21336294786
90.0 308.157 11.6789 -8.14793004064 4.45687263243
110.0 308.179 11.6557 -9.36300225756 5.24854635286
130.0 308.216 11.6528 -10.099658638 4.54096201277
150.0 308.251 11.6477 -9.24480828105 5.63918803023
170.0 308.27 11.6331 -10.7232810473 5.73556834391
190.0 308.289 11.6179 -10.7686444748 5.28453988642
210.0 308.3 11.5939 -8.8954560204 5.41111698853
230.0 308.309 11.5683 -8.94575136413 4.92474613697
250.0 308.323 11.5313 -10.3659430958 6.35395548425
270.0 308.341 11.487 -10.2434718605 5.63365891009
290.0 308.361 11.4411 -9.71062511513 6.50196014921
310.0 308.382 11.3919 -8.21436566835 6.25851363157
331.688 308.403 11.345 -9.67391775053 7.46105724926
356.753 308.42 11.3473 -9.07623193921 7.77045330992
385.195 308.439 11.3538 -9.56893558497 7.38664528254
417.013 308.458 11.3695 -7.51235423297 7.21974782124
452.208 308.491 11.337 -7.33422842474 6.78222791783
490.779 308.527 11.2822 -7.08896347871 8.36592759609
532.727 308.568 11.2301 -7.75267158038 7.06684521225
578.052 308.627 11.1843 -8.13754554112 7.39829339483
626.753 308.69 11.1176 -8.35844648016 9.56687388851
678.831 308.745 11.0244 -7.07560436909 9.38874246291
734.286 308.815 10.9253 -6.88664960408 9.00367288178
793.117 308.939 10.8158 -6.55704354839 8.79015258018
855.325 309.151 10.6979 -4.67703653886 8.92975744622
920.909 309.488 10.4969 -3.76935175118 9.96876013876
989.87 309.881 10.1441 -3.91693722673 10.398242304
1062.21 310.188 9.84216 -2.90296966019 9.37025046781
1137.92 310.418 9.50988 -1.18667634036 9.76761697917
1217.01 310.641 9.12642 -1.85876302153 9.33159041004
1299.48 310.898 8.71888 -0.183840945606 11.3042615441
1385.32 311.162 8.30908 0.845681667306 11.6698491571
1474.55 311.439 8.14204 0.580761965892 11.5240774078
1567.14 311.899 7.69201 2.4668316654 12.3070228983
1663.12 312.237 7.42466 3.08103011117 11.8992191889
1762.47 312.492 7.16066 3.87760641676 10.8410312639
1865.19 312.927 6.58758 5.20970616816 10.7369974339
1971.3 313.427 6.15712 7.10950646768 10.5342448915
2080.78 313.883 5.78147 8.46702675576 10.2136520605
2193.64 314.235 5.42094 9.86568046964 9.14825611953
2309.87 314.587 5.03193 11.8687762359 9.18969876858
2429.48 314.793 4.83555 12.3260716825 8.27532451995
2552.47 315.061 4.58509 12.8259472217 8.19407693802
2678.83 315.247 4.35779 12.8007921924 7.58928134351
2808.57 315.55 3.99363 14.940718289 7.46076273311
2941.69 315.737 3.78931 14.6788127204 7.66920493149
3078.18 315.894 3.55644 15.4029893208 8.4675120137
3218.05 316.009 3.34406 15.4585021515 7.67929267602
3361.3 316.133 3.17526 14.7308636967 8.12370303335
3507.92 316.314 3.02613 14.8512979238 8.00823405622
3657.92 316.521 2.80523 15.3017829848 7.83449659034
3811.3 316.652 2.7258 16.6766219363 7.65395037241
3968.05 316.948 2.4292 17.4912870822 7.21784565324
4128.18 317.283 2.1853 16.8341499037 7.68337763006
4291.69 317.733 2.037 17.7327940317 6.64133617809
4458.57 318.369 1.87858 17.1737401771 6.1015087521
4628.83 318.96 1.78461 19.1362088039 6.8949823576
4802.47 319.916 1.36487 17.8735087009 4.60770287367
4979.48 320.574 1.37531 18.4053438348 3.62762513686
5159.87 321.199 1.13326 18.7823409536 5.04354442132
5343.64 321.726 0.961748 18.5540791011 3.9578286304
5530.78 322.413 0.954802 18.8216346393 2.7489392546
5721.3 323.42 0.732502 19.4303458624 2.32168993116
5915.19 324.512 0.721617 21.0529094255 2.5311239135
6112.47 324.983 0.694901 21.4286957899 3.62346617194
6313.12 325.335 0.749235 22.5059788824 1.40412940025
6517.14 325.792 0.655267 21.2046313367 1.59865413028
6724.55 326.626 0.51606 23.7483392797 2.66404046963
6935.33 327.414 0.440731 23.9085355057 2.79109612458
7149.48 328.265 0.324969 25.1842207499 3.16425728637
7367.01 328.933 0.234545 27.1690802823 4.69756799644
7587.92 329.457 0.228971 27.5717203641 4.8245981403
7812.21 330.101 0.204973 28.4936220501 4.99095163718
8039.87 331.041 0.17868 30.2893241427 3.23875485357
8270.91 331.851 0.1511 31.6984491215 4.51345147179
8505.32 332.575 0.149475 31.1658713178 5.52927469546
8743.12 333.227 0.13604 30.0059365369 6.18220558779
8984.29 333.817 0.119733 30.7878511608 5.85436950309
9228.83 334.481 0.111644 31.6186807529 6.24927949627
9476.75 335.115 0.0964861 33.3457708158 6.42319578924
9728.05 336.461 0.0895507 29.4604138083 3.96389711022
9982.73 336.969 0.0693807 28.436493741 3.92847647267
10240.8 337.715 0.0539959 29.3836174613 3.7709940852
10502.2 338.485 0.0480087 30.6153133512 1.63583577585
10767.0 339.221 0.0356302 28.8119417818 3.34437701208
11035.2 340.002 0.0272233 29.2406574288 4.12226680903
11306.8 340.002 0.0211112 29.9667895466 4.32556562082
11581.7 340.002 0.0161552 28.9130682103 3.92511045084
11860.0 340.002 0.012193 29.496037248 3.69591295522
12140.0 341.802 0.0100004 30.4106889235 4.57081159318
12420.0 347.402 0.0100005 29.9832880524 2.84534133324
12700.0 353.002 0.01 30.5416347515 3.19144115097
12980.0 358.602 0.0100004 30.1945253427 3.31385295536
13260.0 364.202 0.0100002 29.4043623171 3.21794463137
13540.0 369.802 0.0100002 30.1578690281 3.24248404611
13820.0 375.402 0.0100003 29.5504359318 3.08592423247
14100.0 381.002 0.01 30.8179325064 3.6229776391
14380.0 386.602 0.0100002 30.6526670086 3.94111286266
14660.0 392.202 0.0100001 29.7412908904 3.006346893
14940.0 397.802 0.0100001 29.3208674853 3.18377361424
15220.0 403.402 0.0100001 29.6223690067 3.12410137531
15500.0 409.002 0.01 29.4538989047 3.225073666
15780.0 414.602 0.01 30.0756677005 3.28024111036
16060.0 420.202 0.01 30.1407894809 2.87974023856
16340.0 425.802 0.01 28.9344284053 3.38066137825
16620.0 431.402 0.00999999 29.3578707536 4.51293787029
16900.0 437.002 0.01 30.4365542749 2.94494998977
17180.0 442.602 0.00999997 28.8796179899 3.7584860001
17460.0 448.202 0.00999997 29.0298724498 2.86645193253
17740.0 453.802 0.00999997 28.8567257933 3.05321010226
18020.0 459.402 0.00999993 30.5990570281 2.89180632171
