875.68 308.059 11.999
10.0 308.059 11.999 -3.82645281984 2.82172859818
30.0 308.094 11.8876 -5.89694148842 3.69389554011
50.0 308.13 11.7771 -5.68946867905 2.7276519193
70.0 308.147 11.7183 -7.08772542367 4.40821452999
90.0 308.157 11.6789 -8.52989699893 4.02380118338
110.0 308.179 11.6557 -9.82430041141 4.93633633878
130.0 308.216 11.6528 -9.42558372618 5.64107000459
150.0 308.251 11.6477 -10.1958774647 4.83077795952
170.0 308.27 11.6331 -9.14792337854 5.59987062507
190.0 308.289 11.6179 -9.11482932188 5.19070140562
210.0 308.3 11.5939 -10.6870242994 5.97013142634
230.0 308.309 11.5683 -8.8123358959 5.67913127816
250.0 308.323 11.5313 -9.40368535755 5.42956746046
270.0 308.341 11.487 -9.26971903408 6.31695254538
290.0 308.361 11.4411 -8.09638062593 7.05627427432
310.0 308.382 11.3919 -9.5849178729 5.77510781794
331.688 308.403 11.345 -8.65821801332 5.82474482893
356.753 308.42 11.3473 -8.50612248436 6.80746562534
385.195 308.439 11.3538 -7.7714905803 6.87184947339
417.013 308.458 11.3695 -7.9014950856 6.61929715819
452.208 308.491 11.337 -8.36028370833 7.13972903647
490.779 308.527 11.2822 -7.68338825691 6.71848222773
532.727 308.568 11.2301 -8.79021199558 7.44058227112
578.052 308.627 11.1843 -8.32704473969 8.40755840485
626.753 308.69 11.1176 -7.21387813696 7.96012718223
678.831 308.745 11.0244 -6.83104444912 8.51629178358
734.286 308.815 10.9253 -7.76268466308 9.69567701356
793.117 308.939 10.8158 -7.16438181285 8.6246588973
855.325 309.151 10.6979 -4.92823044354 8.72651185047
920.909 309.488 10.4969 -3.63487623113 9.0664277248
989.87 309.881 10.1441 -3.24114362234 10.0221674122
1062.21 310.188 9.84216 -2.41967160966 9.55503970799
1137.92 310.418 9.50988 -2.71196378225 10.393943265
1217.01 310.641 9.12642 -0.386533842293 9.63271104997
1299.48 310.898 8.71888 -0.0134076128659 9.82777381651
1385.32 311.162 8.30908 0.194071027746 11.0675953113
1474.55 311.439 8.14204 1.14685218518 11.8852748446
1567.14 311.899 7.69201 1.74390581947 10.8252450969
1663.12 312.237 7.42466 3.7831343549 10.6377301071
1762.47 312.492 7.16066 3.95419220115 11.4866459054
1865.19 312.927 6.58758 4.99214053833 11.5577967422
1971.3 313.427 6.15712 7.03620370831 11.5617144881
2080.78 313.883 5.78147 9.05649584004 10.8929666777
2193.64 314.235 5.42094 9.95147131805 10.3703976153
2309.87 314.587 5.03193 11.5944517335 10.2505231244
2429.48 314.793 4.83555 12.8186207195 9.21454108664
2552.47 315.061 4.58509 13.4075788134 9.71197642579
2678.83 315.247 4.35779 14.5968975946 7.31697084196
2808.57 315.55 3.99363 14.1658989072 8.09973887706
2941.69 315.737 3.78931 15.0796523172 7.65110260523
3078.18 315.894 3.55644 15.9964107812 8.20866840599
3218.05 316.009 3.34406 16.0909949784 7.39740283789
3361.3 316.133 3.17526 15.2327028236 7.33352747973
3507.92 316.314 3.02613 14.9825559699 7.47245923193
3657.92 316.521 2.80523 15.6388263132 7.48205539647
3811.3 316.652 2.7258 15.717844159 7.14722164686
3968.05 316.948 2.4292 16.4149510018 8.01868035166
4128.18 317.283 2.1853 17.1774603511 7.88460110375
4291.69 317.733 2.037 17.5005089799 5.52251062024
4458.57 318.369 1.87858 18.6800956763 6.59317107603
4628.83 318.96 1.78461 17.9896507772 6.93777283717
4802.47 319.916 1.36487 19.5821008276 3.87232009866
4979.48 320.574 1.37531 19.4563638567 4.85672112963
5159.87 321.199 1.13326 17.7607945358 3.71475677462
5343.64 321.726 0.961748 20.2531787758 4.48718352249
5530.78 322.413 0.954802 20.2683944344 3.93763261738
5721.3 323.42 0.732502 20.7758305686 3.82278087004
5915.19 324.512 0.721617 20.0802423431 1.70528987587
6112.47 324.983 0.694901 21.869934316 2.06425296605
6313.12 325.335 0.749235 22.372230632 2.23412432645
6517.14 325.792 0.655267 22.629709484 2.1248355628
6724.55 326.626 0.51606 22.8651373213 1.99008443154
6935.33 327.414 0.440731 25.3589939872 1.95209336811
7149.48 328.265 0.324969 25.2899926587 4.61974572958
7367.01 328.933 0.234545 26.2408250518 5.29787852126
7587.92 329.457 0.228971 27.7190502932 4.69436569127
7812.21 330.101 0.204973 27.5497254089 4.8611208862
8039.87 331.041 0.17868 30.099863535 3.77502237975
8270.91 331.851 0.1511 31.0342836064 4.87798816653
8505.32 332.575 0.149475 31.7299376212 6.04853464492
8743.12 333.227 0.13604 30.5112498021 6.26871411706
8984.29 333.817 0.119733 31.216285653 4.70381591514
9228.83 334.481 0.111644 31.869974772 6.91918762547
9476.75 335.115 0.0964861 32.2860213412 6.33633363
9728.05 336.461 0.0895507 30.1788509544 5.09354612078
9982.73 336.969 0.0693807 29.9336814513 4.33262409871
10240.8 337.715 0.0539959 28.158839715 2.48170376798
10502.2 338.485 0.0480087 29.879729661 1.66960938108
10767.0 339.221 0.0356302 28.899814232 3.09064579474
11035.2 340.002 0.0272233 29.4095624029 4.51331260012
11306.8 340.002 0.0211112 30.8209717645 2.86015737791
11581.7 340.002 0.0161552 29.8037267045 3.86580613202
11860.0 340.002 0.012193 29.4277286821 3.19953856934
12140.0 341.802 0.0100004 30.7635750705 3.0234762899
12420.0 347.402 0.0100005 29.1363285627 3.73033409252
12700.0 353.002 0.01 30.1717808684 4.18138957974
12980.0 358.602 0.0100004 30.0118824171 3.24414121698
13260.0 364.202 0.0100002 29.188107086 2.73966799718
13540.0 369.802 0.0100002 30.7552531734 2.91762877559
13820.0 375.402 0.0100003 30.0045860337 4.1986082169
14100.0 381.002 0.01 29.6365640798 4.55509291984
14380.0 386.602 0.0100002 30.164628124 4.46232698021
14660.0 392.202 0.0100001 30.3011935537 3.35008888043
14940.0 397.802 0.0100001 30.6511249239 4.58217084769
15220.0 403.402 0.0100001 29.7107483144 4.35289225227
15500.0 409.002 0.01 30.4991229405 3.68272885786
15780.0 414.602 0.01 29.4357838456 3.51865348363
16060.0 420.202 0.01 29.0604752032 4.50295075322
16340.0 425.802 0.01 30.5037953301 3.2011514871
16620.0 431.402 0.00999999 30.4366426805 2.84282899786
16900.0 437.002 0.01 29.8554921082 4.62257373576
17180.0 442.602 0.00999997 28.9163888738 3.55245156689
17460.0 448.202 0.00999997 29.1574673747 4.53837199274
17740.0 453.802 0.00999997 29.305082016 3.68061899487
18020.0 459.402 0.00999993 29.4888955072 2.67950912382
