875.68 308.059 11.999
10.0 308.059 11.999 -3.13773672176 2.84507174086
30.0 308.094 11.8876 -5.68195619836 2.09596594786
50.0 308.13 11.7771 -6.15710648604 3.411506757
70.0 308.147 11.7183 -6.97175638754 3.11380777402
90.0 308.157 11.6789 -7.506764813 5.19879729098
110.0 308.179 11.6557 -8.37675189987 5.51609791891
130.0 308.216 11.6528 -10.4316766871 5.800811229
150.0 308.251 11.6477 -9.69776889165 5.23992444568
170.0 308.27 11.6331 -10.7800474081 5.47680735151
190.0 308.289 11.6179 -9.17187750893 6.29199753204
210.0 308.3 11.5939 -9.89186634658 5.92156991175
230.0 308.309 11.5683 -9.41968278668 5.75606193569
250.0 308.323 11.5313 -10.3380687358 6.87076795011
270.0 308.341 11.487 -10.0020878728 6.60026311374
290.0 308.361 11.4411 -8.44100188734 6.16714694677
310.0 308.382 11.3919 -9.89445937515 6.50922988869
331.688 308.403 11.345 -8.43172294959 6.6583506652
356.753 308.42 11.3473 -8.89440812553 6.63372191727
385.195 308.439 11.3538 -8.36150042616 6.61561646139
417.013 308.458 11.3695 -7.76993010817 6.41480576807
452.208 308.491 11.337 -7.76526580213 7.1232796027
490.779 308.527 11.2822 -8.21684728066 8.31282438563
532.727 308.568 11.2301 -7.33952532774 7.02939724549
578.052 308.627 11.1843 -7.09796327498 7.74656810474
626.753 308.69 11.1176 -7.79581140985 9.47651877317
678.831 308.745 11.0244 -6.43464918551 9.62046936003
734.286 308.815 10.9253 -6.74076131229 8.93298690144
793.117 308.939 10.8158 -5.82196040029 8.18090305893
855.325 309.151 10.6979 -5.9940914724 10.0121467072
920.909 309.488 10.4969 -4.68096507606 9.72186128122
989.87 309.881 10.1441 -2.74017402908 9.40279684707
1062.21 310.188 9.84216 -2.33003367639 9.68061631908
1137.92 310.418 9.50988 -1.64710492015 9.4780210027
1217.01 310.641 9.12642 -0.427900275238 9.33422498446
1299.48 310.898 8.71888 -0.0534270230351 11.3656090272
1385.32 311.162 8.30908 -0.553852173245 10.3128201848
1474.55 311.439 8.14204 1.32557555973 11.6920212557
1567.14 311.899 7.69201 2.72385240628 12.2877865762
1663.12 312.237 7.42466 4.12132521735 11.8891353909
1762.47 312.492 7.16066 3.46693505473 10.1842760875
1865.19 312.927 6.58758 5.80606769495 11.8227272789
1971.3 313.427 6.15712 7.17559181066 10.4197777328
2080.78 313.883 5.78147 9.66950739997 9.94819675925
2193.64 314.235 5.42094 11.3857903551 10.2462565444
2309.87 314.587 5.03193 10.9964589265 8.98819935734
2429.48 314.793 4.83555 11.3614971916 8.2592637073
2552.47 315.061 4.58509 12.0740466816 8.9520147494
2678.83 315.247 4.35779 13.415716724 8.62592512029
2808.57 315.55 3.99363 14.5385682063 8.62187224998
2941.69 315.737 3.78931 15.2723716122 8.1437669652
3078.18 315.894 3.55644 14.4911428796 8.4220703073
3218.05 316.009 3.34406 15.9724630546 9.13786141719
3361.3 316.133 3.17526 15.9978592447 7.71182380695
3507.92 316.314 3.02613 15.970892492 7.40692406852
3657.92 316.521 2.80523 15.0001044948 7.26226399828
3811.3 316.652 2.7258 15.5184456896 7.60861913579
3968.05 316.948 2.4292 15.7197259104 7.47954457387
4128.18 317.283 2.1853 16.3637899123 6.50438885038
4291.69 317.733 2.037 16.4720282984 6.75282420275
4458.57 318.369 1.87858 17.0692185074 5.78944680202
4628.83 318.96 1.78461 18.7782202601 6.47528136515
4802.47 319.916 1.36487 18.8818966507 4.50693052332
4979.48 320.574 1.37531 18.3606211934 4.39194544906
5159.87 321.199 1.13326 18.2680509113 4.98895526302
5343.64 321.726 0.961748 20.219056901 4.51167813132
5530.78 322.413 0.954802 19.4782439846 3.22013120883
5721.3 323.42 0.732502 19.9509620071 3.84809344694
5915.19 324.512 0.721617 20.014474613 2.12374428733
6112.47 324.983 0.694901 20.8537279013 3.11392645169
6313.12 325.335 0.749235 22.8140276892 3.01102820614
6517.14 325.792 0.655267 21.3114894831 2.24200995095
6724.55 326.626 0.51606 23.9209137577 1.98559360299
6935.33 327.414 0.440731 24.2531596813 2.20865092887
7149.48 328.265 0.324969 25.3826772663 3.38898218665
7367.01 328.933 0.234545 25.9162579495 5.03894505638
7587.92 329.457 0.228971 27.5202304702 4.85855280797
7812.21 330.101 0.204973 27.1752733463 4.19530836764
8039.87 331.041 0.17868 28.8096914863 3.66091086851
8270.91 331.851 0.1511 30.4389328366 5.14382432604
8505.32 332.575 0.149475 31.8092943155 4.45168451814
8743.12 333.227 0.13604 29.7631067366 6.94862559113
8984.29 333.817 0.119733 30.7399483251 4.69339677534
9228.83 334.481 0.111644 31.654698833 6.90113851529
9476.75 335.115 0.0964861 32.0856946331 6.64434009143
9728.05 336.461 0.0895507 30.1991356783 4.9773784849
9982.73 336.969 0.0693807 28.4385922324 3.76295959712
10240.8 337.715 0.0539959 29.8092419404 3.4908330485
10502.2 338.485 0.0480087 30.6094392068 1.63599857151
10767.0 339.221 0.0356302 29.2735872926 3.28017952414
11035.2 340.002 0.0272233 30.7234128144 3.1576837977
11306.8 340.002 0.0211112 30.693011603 2.7087290968
11581.7 340.002 0.0161552 29.4090835413 3.44178032504
11860.0 340.002 0.012193 29.0468736304 4.42219055205
12140.0 341.802 0.0100004 29.3212323462 4.21880091329
12420.0 347.402 0.0100005 29.3159621744 4.44641130781
12700.0 353.002 0.01 30.4218209153 3.06412985845
12980.0 358.602 0.0100004 29.774184969 3.46038237128
13260.0 364.202 0.0100002 29.8951007997 3.21608410716
13540.0 369.802 0.0100002 30.1652989303 4.55020770627
13820.0 375.402 0.0100003 30.6817700658 4.56531489267
14100.0 381.002 0.01 30.1445221402 3.65092935011
14380.0 386.602 0.0100002 29.1550497686 4.44526970018
14660.0 392.202 0.0100001 28.9285852442 4.29312544792
14940.0 397.802 0.0100001 30.180980099 2.79749680019
15220.0 403.402 0.0100001 28.9999527783 2.8750088819
15500.0 409.002 0.01 29.4934906507 3.30868683793
15780.0 414.602 0.01 28.91052718 3.74200934489
16060.0 420.202 0.01 30.1631614851 3.4528032684
16340.0 425.802 0.01 29.5831571215 2.83917558595
16620.0 431.402 0.00999999 30.7598847506 3.25212027525
16900.0 437.002 0.01 30.4058107562 2.77382518841
17180.0 442.602 0.00999997 30.5510416063 3.94238770966
17460.0 448.202 0.00999997 29.1862666386 3.23787293719
17740.0 453.802 0.00999997 29.0324011046 3.73476146871
18020.0 459.402 0.00999993 28.9333081992 4.04395535568
