875.68 308.059 11.999
10 308.059 11.999 -3.61499 2.24357
30 308.094 11.8876 -4.9939 2.87793
50 308.13 11.7771 -6.37281 3.51229
70 308.147 11.7183 -7.47626 4.04898
90 308.157 11.6789 -8.47285 4.54778
110 308.179 11.6557 -9.16795 4.9128
130 308.216 11.6528 -9.4809 5.10825
150 308.251 11.6477 -9.75024 5.29384
170 308.27 11.6331 -9.79322 5.42817
190 308.289 11.6179 -9.83619 5.56251
210 308.3 11.5939 -9.73688 5.73853
230 308.309 11.5683 -9.61853 5.92013
250 308.323 11.5313 -9.45522 6.1007
270 308.341 11.487 -9.26225 6.28057
290 308.361 11.4411 -9.0843 6.44947
310 308.382 11.3919 -8.93783 6.59536
331.688 308.403 11.345 -8.79003 6.75223
356.753 308.42 11.3473 -8.71444 6.92191
385.195 308.439 11.3538 -8.6172 7.09807
417.013 308.458 11.3695 -8.48642 7.26372
452.208 308.491 11.337 -8.31123 7.36108
490.779 308.527 11.2822 -8.04926 7.45466
532.727 308.568 11.2301 -7.83661 7.70593
578.052 308.627 11.1843 -7.80749 8.17417
626.753 308.69 11.1176 -7.70195 8.57291
678.831 308.745 11.0244 -7.31106 8.7449
734.286 308.815 10.9253 -6.86727 8.88091
793.117 308.939 10.8158 -6.33531 8.99458
855.325 309.151 10.6979 -5.43433 9.02322
920.909 309.488 10.4969 -4.31844 9.21776
989.87 309.881 10.1441 -3.50294 9.49162
1062.21 310.188 9.84216 -2.81998 9.86709
1137.92 310.418 9.50988 -2.11366 9.94688
1217.01 310.641 9.12642 -1.15999 9.95643
1299.48 310.898 8.71888 -0.24849 10.5176
1385.32 311.162 8.30908 0.0619669 10.9831
1474.55 311.439 8.14204 0.878031 11.2562
1567.14 311.899 7.69201 2.31863 11.4221
1663.12 312.237 7.42466 3.17568 11.2862
1762.47 312.492 7.16066 4.12214 11.0384
1865.19 312.927 6.58758 5.57056 10.9765
1971.3 313.427 6.15712 7.63084 10.6936
2080.78 313.883 5.78147 8.94248 10.2397
2193.64 314.235 5.42094 10.4546 9.71664
2309.87 314.587 5.03193 11.7749 9.26423
2429.48 314.793 4.83555 11.9463 8.77988
2552.47 315.061 4.58509 12.9762 8.73875
2678.83 315.247 4.35779 13.7637 8.31108
2808.57 315.55 3.99363 14.6627 8.32936
2941.69 315.737 3.78931 15.009 8.03034
3078.18 315.894 3.55644 15.053 8.41656
3218.05 316.009 3.34406 15.249 8.3973
3361.3 316.133 3.17526 15.3888 7.97646
3507.92 316.314 3.02613 15.2164 7.55884
3657.92 316.521 2.80523 15.5894 7.44549
3811.3 316.652 2.7258 15.8323 7.35227
3968.05 316.948 2.4292 16.7038 7.18875
4128.18 317.283 2.1853 17.0814 7.06149
4291.69 317.733 2.037 17.3988 6.51014
4458.57 318.369 1.87858 18.0188 5.90118
4628.83 318.96 1.78461 18.5822 6.20828
4802.47 319.916 1.36487 18.7858 4.48054
4979.48 320.574 1.37531 18.8559 4.17802
5159.87 321.199 1.13326 18.6693 4.60697
5343.64 321.726 0.961748 19.4681 3.9827
5530.78 322.413 0.954802 19.4413 3.66953
5721.3 323.42 0.732502 19.9631 3.25941
5915.19 324.512 0.721617 20.8808 2.66246
6112.47 324.983 0.694901 21.8469 2.68384
6313.12 325.335 0.749235 21.9501 2.12001
6517.14 325.792 0.655267 21.9761 1.84156
6724.55 326.626 0.51606 23.6193 2.61709
6935.33 327.414 0.440731 24.549 2.58437
7149.48 328.265 0.324969 26.177 3.65276
7367.01 328.933 0.234545 26.5091 4.41584
7587.92 329.457 0.228971 27.0672 4.28027
7812.21 330.101 0.204973 28.1514 4.29078
8039.87 331.041 0.17868 29.367 3.6746
8270.91 331.851 0.1511 30.7406 4.31685
8505.32 332.575 0.149475 31.06 5.10846
8743.12 333.227 0.13604 30.5709 6.73055
8984.29 333.817 0.119733 30.9152 4.89134
9228.83 334.481 0.111644 32.2478 6.95244
9476.75 335.115 0.0964861 32.4707 6.12563
9728.05 336.461 0.0895507 29.3971 4.57658
9982.73 336.969 0.0693807 29.2223 4.74576
10240.8 337.715 0.0539959 28.952 3.02012
10502.2 338.485 0.0480087 30.3358 2.10728
10767 339.221 0.0356302 28.7926 3.13656
11035.2 340.002 0.0272233 29.8285 3.64135
11306.8 340.002 0.0211112 29.8285 3.64135
11581.7 340.002 0.0161552 29.8285 3.64135
11860 340.002 0.012193 29.8285 3.64135
12140 341.802 0.0100004 29.8285 3.64135
12420 347.402 0.0100005 29.8285 3.64135
12700 353.002 0.01 29.8285 3.64135
12980 358.602 0.0100004 29.8285 3.64135
13260 364.202 0.0100002 29.8285 3.64135
13540 369.802 0.0100002 29.8285 3.64135
13820 375.402 0.0100003 29.8285 3.64135
14100 381.002 0.01 29.8285 3.64135
14380 386.602 0.0100002 29.8285 3.64135
14660 392.202 0.0100001 29.8285 3.64135
14940 397.802 0.0100001 29.8285 3.64135
15220 403.402 0.0100001 29.8285 3.64135
15500 409.002 0.01 29.8285 3.64135
15780 414.602 0.01 29.8285 3.64135
16060 420.202 0.01 29.8285 3.64135
16340 425.802 0.01 29.8285 3.64135
16620 431.402 0.00999999 29.8285 3.64135
16900 437.002 0.01 29.8285 3.64135
17180 442.602 0.00999997 29.8285 3.64135
17460 448.202 0.00999997 29.8285 3.64135
17740 453.802 0.00999997 29.8285 3.64135
18020 459.402 0.00999993 29.8285 3.64135
