875.68 308.059 11.999
10.0 308.059 11.999 -4.31529530703 2.2528856025
30.0 308.094 11.8876 -4.16374095619 2.42137877151
50.0 308.13 11.7771 -5.83101757222 3.97700548062
70.0 308.147 11.7183 -6.90380755951 3.73423772384
90.0 308.157 11.6789 -8.79078265547 3.65131232504
110.0 308.179 11.6557 -8.70026277619 5.58445393874
130.0 308.216 11.6528 -9.11882880505 4.32909360209
150.0 308.251 11.6477 -8.92207258396 6.08223349863
170.0 308.27 11.6331 -9.38419058324 5.11247578289
190.0 308.289 11.6179 -9.40131552683 6.29807437611
210.0 308.3 11.5939 -10.2974961984 5.5803987569
230.0 308.309 11.5683 -8.93064094738 5.17657903326
250.0 308.323 11.5313 -8.50465850404 5.82625381532
270.0 308.341 11.487 -8.80159797921 5.906216867
290.0 308.361 11.4411 -8.99032741515 7.20778719099
310.0 308.382 11.3919 -9.45223098725 5.85045827405
331.688 308.403 11.345 -8.91324962076 6.13122019637
356.753 308.42 11.3473 -9.22381694009 6.75707639941
385.195 308.439 11.3538 -8.81725461227 8.08241615479
417.013 308.458 11.3695 -9.28685191681 6.30132817932
452.208 308.491 11.337 -7.72118882958 7.68331707216
490.779 308.527 11.2822 -8.7958857875 6.9017660356
532.727 308.568 11.2301 -7.78287542011 8.3518562822
578.052 308.627 11.1843 -7.8321237496 7.19187413318
626.753 308.69 11.1176 -8.17568145866 9.26561392585
678.831 308.745 11.0244 -7.2841019558 9.4208024895
734.286 308.815 10.9253 -6.0730617804 8.99180589817
793.117 308.939 10.8158 -5.70662929796 8.34942890085
855.325 309.151 10.6979 -4.9763771497 10.0077888202
920.909 309.488 10.4969 -4.09504114188 10.1337532296
989.87 309.881 10.1441 -4.26135273603 8.61597348053
1062.21 310.188 9.84216 -3.32845323462 10.6148073357
1137.92 310.418 9.50988 -2.7167807115 9.63704920849
1217.01 310.641 9.12642 -2.14715573516 10.8096319367
1299.48 310.898 8.71888 -0.497634515838 9.65481101065
1385.32 311.162 8.30908 -0.487108596879 10.9135988458
1474.55 311.439 8.14204 -0.0504362156926 11.8332828688
1567.14 311.899 7.69201 2.9622506003 10.9462731189
1663.12 312.237 7.42466 2.29931321206 11.4048905124
1762.47 312.492 7.16066 3.26891842569 11.1031101465
1865.19 312.927 6.58758 5.84181236777 10.3786410101
1971.3 313.427 6.15712 7.59197416413 11.6783650119
2080.78 313.883 5.78147 9.32900568102 9.59227871467
2193.64 314.235 5.42094 11.4431331619 10.1078756178
2309.87 314.587 5.03193 11.1517443319 9.48395139615
2429.48 314.793 4.83555 11.6958802471 8.66863176937
2552.47 315.061 4.58509 13.2425280386 9.55754662267
2678.83 315.247 4.35779 12.9219704918 8.06385862792
2808.57 315.55 3.99363 14.4068185307 7.48898420136
2941.69 315.737 3.78931 14.6399545853 7.77575526953
3078.18 315.894 3.55644 15.2136678448 8.02832338021
3218.05 316.009 3.34406 14.8308391047 8.85873931635
3361.3 316.133 3.17526 14.4305486827 7.4497392855
3507.92 316.314 3.02613 15.879612454 7.45678888159
3657.92 316.521 2.80523 16.4427312351 8.3296120484
3811.3 316.652 2.7258 16.3228690156 6.86499780183
3968.05 316.948 2.4292 16.9023178756 8.06386080028
4128.18 317.283 2.1853 17.3865677377 6.4144828811
4291.69 317.733 2.037 16.896115568 6.94812638082
4458.57 318.369 1.87858 17.5966107936 5.06319840688
4628.83 318.96 1.78461 19.2744114263 5.71643875693
4802.47 319.916 1.36487 17.8189533119 5.25674123969
4979.48 320.574 1.37531 18.6818441466 3.90570437501
5159.87 321.199 1.13326 19.481180982 4.41957668089
5343.64 321.726 0.961748 19.42734312 3.58532030891
5530.78 322.413 0.954802 19.2934682667 3.70272981722
5721.3 323.42 0.732502 20.5082413372 3.28484158311
5915.19 324.512 0.721617 20.3652479756 2.67040574634
6112.47 324.983 0.694901 21.7011805939 2.02606934691
6313.12 325.335 0.749235 21.1643454512 1.86822249156
6517.14 325.792 0.655267 22.7987931472 2.23345470292
6724.55 326.626 0.51606 24.4756479765 1.67486231849
6935.33 327.414 0.440731 24.7184763468 2.05483060093
7149.48 328.265 0.324969 25.2805677651 3.81591570245
7367.01 328.933 0.234545 27.1557428172 3.51845392145
7587.92 329.457 0.228971 26.8961691431 5.01741222039
7812.21 330.101 0.204973 28.8783423582 4.47370576858
8039.87 331.041 0.17868 30.3200229285 3.86556068513
8270.91 331.851 0.1511 30.745037144 4.7139434792
8505.32 332.575 0.149475 31.0967017696 4.81332276783
8743.12 333.227 0.13604 29.5933094049 7.54603719652
8984.29 333.817 0.119733 31.6344215701 4.61052780638
9228.83 334.481 0.111644 32.2739776813 7.39588868003
9476.75 335.115 0.0964861 32.1280991005 5.73854506697
9728.05 336.461 0.0895507 28.4110651752 5.46166660006
9982.73 336.969 0.0693807 28.2602033044 3.76822781503
10240.8 337.715 0.0539959 29.5175525994 3.86928943655
10502.2 338.485 0.0480087 30.5575575717 2.46570589245
10767.0 339.221 0.0356302 29.4538422633 2.86785148497
11035.2 340.002 0.0272233 30.6256098385 4.14942085837
11306.8 340.002 0.0211112 29.7010813218 4.25573658607
11581.7 340.002 0.0161552 29.5676495339 3.8196555012
11860.0 340.002 0.012193 30.1073598138 4.0491839147
12140.0 341.802 0.0100004 28.882645748 3.24966308713
12420.0 347.402 0.0100005 29.3045295415 3.32370282277
12700.0 353.002 0.01 30.1359158163 2.74131641687
12980.0 358.602 0.0100004 28.9302779724 3.85572252041
13260.0 364.202 0.0100002 29.1019097061 3.94719968613
13540.0 369.802 0.0100002 30.5070017211 4.31532156172
13820.0 375.402 0.0100003 30.3609235482 2.87143873209
14100.0 381.002 0.01 30.4423102517 3.96896130433
14380.0 386.602 0.0100002 28.9433694331 4.03965878034
14660.0 392.202 0.0100001 30.5673609847 3.16583061066
14940.0 397.802 0.0100001 30.8150556767 3.03267185991
15220.0 403.402 0.0100001 29.5736587484 3.48394528998
15500.0 409.002 0.01 29.276962655 2.84520902456
15780.0 414.602 0.01 30.6375796583 4.52340288457
16060.0 420.202 0.01 30.2944641662 4.30809950053
16340.0 425.802 0.01 30.09266986 2.82630943832
16620.0 431.402 0.00999999 29.5421979301 3.80067578787
16900.0 437.002 0.01 30.3472115943 4.26859524046
17180.0 442.602 0.00999997 30.7068467033 3.40017819927
17460.0 448.202 0.00999997 30.2392226733 4.23174467543
17740.0 453.802 0.00999997 29.2542083028 4.23058785915
18020.0 459.402 0.00999993 29.789080376 2.73552079788
