875.68 308.059 11.999
10.0 308.059 11.999 -3.21536037794 2.66157776477
30.0 308.094 11.8876 -4.40660280581 3.20082793818
50.0 308.13 11.7771 -6.19277816681 3.3879281016
70.0 308.147 11.7183 -7.97620673487 4.83137336391
90.0 308.157 11.6789 -8.50527231441 5.0655767184
110.0 308.179 11.6557 -9.30078822212 4.49004234134
130.0 308.216 11.6528 -10.468076063 4.77752462558
150.0 308.251 11.6477 -9.36934054632 5.04896938459
170.0 308.27 11.6331 -9.38922380162 6.27222162382
190.0 308.289 11.6179 -9.97960261017 6.53889329592
210.0 308.3 11.5939 -9.77450518347 5.4232850329
230.0 308.309 11.5683 -9.27433422668 6.03663274079
250.0 308.323 11.5313 -10.1296107988 6.88300922899
270.0 308.341 11.487 -10.0076900352 6.0528690201
290.0 308.361 11.4411 -8.14779902976 6.16018547826
310.0 308.382 11.3919 -8.24212318181 6.10570230194
331.688 308.403 11.345 -8.11863924189 6.0032282538
356.753 308.42 11.3473 -9.15390470387 6.65100605182
385.195 308.439 11.3538 -9.04012724122 7.55686190659
417.013 308.458 11.3695 -7.88611235514 7.37077291152
452.208 308.491 11.337 -8.2507208294 7.89880894971
490.779 308.527 11.2822 -7.18720453744 6.77642264107
532.727 308.568 11.2301 -8.05589937239 8.44113021798
578.052 308.627 11.1843 -7.7693087613 7.47964109229
626.753 308.69 11.1176 -8.68327182613 7.67127182054
678.831 308.745 11.0244 -6.83640053437 9.60470437004
734.286 308.815 10.9253 -6.3979970581 9.23871359786
793.117 308.939 10.8158 -5.65884617544 8.54627844145
855.325 309.151 10.6979 -4.51141569276 9.11670878904
920.909 309.488 10.4969 -3.35938098949 9.61330574412
989.87 309.881 10.1441 -3.12121445574 9.56149634596
1062.21 310.188 9.84216 -2.65446137582 9.22941050992
1137.92 310.418 9.50988 -2.35055952999 9.20223309902
1217.01 310.641 9.12642 -1.75482128022 10.3874087871
1299.48 310.898 8.71888 0.540024078969 10.1667329233
1385.32 311.162 8.30908 -0.628004859845 10.8800857515
1474.55 311.439 8.14204 0.241355640202 10.2877878672
1567.14 311.899 7.69201 1.56355489723 11.8850714009
1663.12 312.237 7.42466 3.3201500905 10.4248303094
1762.47 312.492 7.16066 3.9164856008 11.468489082
1865.19 312.927 6.58758 6.03505339961 10.9325589129
1971.3 313.427 6.15712 6.99312638677 10.0320506179
2080.78 313.883 5.78147 8.70406921142 10.6969826011
2193.64 314.235 5.42094 10.5401415259 9.16598963826
2309.87 314.587 5.03193 12.4255113486 9.42882067021
2429.48 314.793 4.83555 11.7212686672 8.28177109402
2552.47 315.061 4.58509 12.5685484886 9.57127067946
2678.83 315.247 4.35779 13.6208631848 7.62162818054
2808.57 315.55 3.99363 15.1972059127 9.23006642374
2941.69 315.737 3.78931 14.83307563 7.68550471907
3078.18 315.894 3.55644 15.7305738021 8.34047382854
3218.05 316.009 3.34406 14.7525554562 8.41730616612
3361.3 316.133 3.17526 15.3080312277 8.71478033108
3507.92 316.314 3.02613 15.7214560557 7.7204476044
3657.92 316.521 2.80523 15.6896486631 7.63814514386
3811.3 316.652 2.7258 15.4954953083 7.02568015383
3968.05 316.948 2.4292 16.2795485656 8.04712510166
4128.18 317.283 2.1853 18.0188097609 7.8554151661
4291.69 317.733 2.037 18.3699600367 6.76071896038
4458.57 318.369 1.87858 18.8985275664 5.19677781941
4628.83 318.96 1.78461 18.8149790659 6.15703821869
4802.47 319.916 1.36487 19.7084545957 4.936086131
4979.48 320.574 1.37531 18.998486368 5.001223468
5159.87 321.199 1.13326 17.9298834572 4.16796211019
5343.64 321.726 0.961748 20.0700997934 3.35205491865
5530.78 322.413 0.954802 19.9947693699 4.21117105158
5721.3 323.42 0.732502 20.0249863434 3.1575422918
5915.19 324.512 0.721617 20.0867515183 2.41250315248
6112.47 324.983 0.694901 21.6028420574 1.92595152344
6313.12 325.335 0.749235 21.3136102707 2.82490051012
6517.14 325.792 0.655267 21.5536526732 2.12093212
6724.55 326.626 0.51606 22.8489514426 1.74881431291
6935.33 327.414 0.440731 25.1585928603 3.07217677114
7149.48 328.265 0.324969 25.5967072797 3.74341678483
7367.01 328.933 0.234545 27.1137459416 3.9561950791
7587.92 329.457 0.228971 27.4043226324 3.56785214267
7812.21 330.101 0.204973 29.0852820672 4.80935529087
8039.87 331.041 0.17868 28.5426712844 4.18883893997
8270.91 331.851 0.1511 30.2167679097 3.80275839145
8505.32 332.575 0.149475 31.8640946738 5.42664327134
8743.12 333.227 0.13604 31.3456071179 5.96725890286
8984.29 333.817 0.119733 30.7539335616 3.96354323485
9228.83 334.481 0.111644 32.8789917765 7.17295167731
9476.75 335.115 0.0964861 32.4034399456 5.26084849552
9728.05 336.461 0.0895507 28.716013991 4.34285281159
9982.73 336.969 0.0693807 29.6000662361 5.04951739908
10240.8 337.715 0.0539959 29.4877011972 3.57534663214
10502.2 338.485 0.0480087 30.4452353845 2.23883626774
10767.0 339.221 0.0356302 28.0829305837 3.90146023572
11035.2 340.002 0.0272233 29.805398666 2.71408021728
11306.8 340.002 0.0211112 29.2196106518 4.25035848872
11581.7 340.002 0.0161552 30.2489694289 3.70174965203
11860.0 340.002 0.012193 29.730528242 3.66037803328
12140.0 341.802 0.0100004 30.3667036702 4.33091668577
12420.0 347.402 0.0100005 29.4258803383 3.33384923806
12700.0 353.002 0.01 29.3758897765 3.37386358082
12980.0 358.602 0.0100004 28.8598846838 4.63204632629
13260.0 364.202 0.0100002 29.8318585116 4.56759396062
13540.0 369.802 0.0100002 29.5410377587 3.72575969853
13820.0 375.402 0.0100003 29.2279033148 3.20919145118
14100.0 381.002 0.01 30.1015143559 3.06821014686
14380.0 386.602 0.0100002 30.6028810501 4.12126284592
14660.0 392.202 0.0100001 29.8749761609 3.70588649899
14940.0 397.802 0.0100001 29.0717109005 3.6610449608
15220.0 403.402 0.0100001 29.4585256093 4.10545542896
15500.0 409.002 0.01 29.0468541455 3.26459043166
15780.0 414.602 0.01 30.7760506565 3.70615575076
16060.0 420.202 0.01 28.9729913972 3.80191925388
16340.0 425.802 0.01 30.380700971 3.12994643866
16620.0 431.402 0.00999999 30.7225451712 4.1496299022
16900.0 437.002 0.01 29.3118754262 3.35594510577
17180.0 442.602 0.00999997 30.4758844521 4.4478243146
17460.0 448.202 0.00999997 29.1588749643 4.23832764829
17740.0 453.802 0.00999997 30.0685487401 3.63197354404
18020.0 459.402 0.00999993 30.4447072004 3.55336389071
