875.68 308.059 11.999
10.0 308.059 11.999 -3.87810166692 1.75442673601
30.0 308.094 11.8876 -5.87599877618 2.95263511212
50.0 308.13 11.7771 -7.1638350443 3.05873081263
70.0 308.147 11.7183 -6.74880994197 3.4731244937
90.0 308.157 11.6789 -9.03940713515 4.25063990466
110.0 308.179 11.6557 -8.61649550138 5.35016563382
130.0 308.216 11.6528 -8.9231823477 6.09811897151
150.0 308.251 11.6477 -10.4893982512 4.67015647362
170.0 308.27 11.6331 -10.2269285187 6.21583157908
190.0 308.289 11.6179 -9.20370560147 4.97762276521
210.0 308.3 11.5939 -9.99045501517 5.65068820241
230.0 308.309 11.5683 -9.56006464124 6.55837097185
250.0 308.323 11.5313 -9.3248538129 6.05985833869
270.0 308.341 11.487 -8.37129602695 5.7151611986
290.0 308.361 11.4411 -8.52762097607 6.61962814521
310.0 308.382 11.3919 -9.6136739334 7.1325654647
331.688 308.403 11.345 -8.31336300542 6.29382139209
356.753 308.42 11.3473 -9.29960528793 7.80451399498
385.195 308.439 11.3538 -8.3983219253 6.38059108885
417.013 308.458 11.3695 -8.34315946495 6.87452284631
452.208 308.491 11.337 -8.40760487002 6.87103852244
490.779 308.527 11.2822 -8.01818015788 6.58880783241
532.727 308.568 11.2301 -7.82087787272 6.85746350314
578.052 308.627 11.1843 -7.8805746394 8.78319067753
626.753 308.69 11.1176 -7.07534892553 9.25685997284
678.831 308.745 11.0244 -6.52353492143 8.64862931573
734.286 308.815 10.9253 -6.34084750334 8.34717473705
793.117 308.939 10.8158 -5.64844967811 8.97713885291
855.325 309.151 10.6979 -5.3426938512 9.10784883636
920.909 309.488 10.4969 -4.36342510025 10.0954487354
989.87 309.881 10.1441 -2.80564168285 8.77163016264
1062.21 310.188 9.84216 -2.51665022183 9.81639122615
1137.92 310.418 9.50988 -1.21775044107 10.1962770905
1217.01 310.641 9.12642 -0.313500460477 10.9496702266
1299.48 310.898 8.71888 0.0452309261891 11.0559740108
1385.32 311.162 8.30908 0.061981705898 10.184845227
1474.55 311.439 8.14204 1.84255580686 11.878658224
1567.14 311.899 7.69201 1.41905255448 10.7743652587
1663.12 312.237 7.42466 2.86712323452 11.1232273619
1762.47 312.492 7.16066 4.61353456428 11.0982653175
1865.19 312.927 6.58758 6.51362088862 11.9594886345
1971.3 313.427 6.15712 7.91523681563 9.84042113955
2080.78 313.883 5.78147 8.01597428397 11.0679299752
2193.64 314.235 5.42094 10.541942405 10.7014312216
2309.87 314.587 5.03193 12.4241071102 9.56081489008
2429.48 314.793 4.83555 12.4622799153 8.58002459583
2552.47 315.061 4.58509 13.516340484 8.96505192725
2678.83 315.247 4.35779 12.7725938497 7.88834155836
2808.57 315.55 3.99363 14.2461497821 8.90874478688
2941.69 315.737 3.78931 14.2074886946 7.60494946315
3078.18 315.894 3.55644 16.0077854187 7.91027790374
3218.05 316.009 3.34406 15.8992313135 8.40261051299
3361.3 316.133 3.17526 15.2300056266 6.98874885535
3507.92 316.314 3.02613 14.2599608076 8.17139776581
3657.92 316.521 2.80523 15.4735718238 8.29136177584
3811.3 316.652 2.7258 15.9718326436 6.95527175133
3968.05 316.948 2.4292 15.7874919115 7.12532868078
4128.18 317.283 2.1853 16.4041912317 6.5734532606
4291.69 317.733 2.037 17.0569248385 5.61513384063
4458.57 318.369 1.87858 18.9315709021 6.17440459483
4628.83 318.96 1.78461 18.8849522444 5.99356975092
4802.47 319.916 1.36487 19.7229407266 3.99097453632
4979.48 320.574 1.37531 19.6416503441 4.05543076757
5159.87 321.199 1.13326 18.6721398915 3.95051370522
5343.64 321.726 0.961748 19.3609834485 4.07978230828
5530.78 322.413 0.954802 19.4673129761 4.4033859201
5721.3 323.42 0.732502 19.5874123531 2.28638219809
5915.19 324.512 0.721617 21.6813925919 2.02328022823
6112.47 324.983 0.694901 22.4172105012 2.55799412293
6313.12 325.335 0.749235 22.7037234673 2.54242791985
6517.14 325.792 0.655267 22.6711945128 1.98530098305
6724.55 326.626 0.51606 22.8732913357 3.37963665011
6935.33 327.414 0.440731 25.0916851307 3.51337866548
7149.48 328.265 0.324969 25.678910255 3.03208599397
7367.01 328.933 0.234545 25.8307679518 4.54108417504
7587.92 329.457 0.228971 26.5995638607 4.12038985156
7812.21 330.101 0.204973 28.2853907675 4.19474061517
8039.87 331.041 0.17868 29.3801952259 2.71715698682
8270.91 331.851 0.1511 30.7531329285 4.57269727355
8505.32 332.575 0.149475 30.7145651291 5.07042062833
8743.12 333.227 0.13604 29.9735578588 6.16337607222
8984.29 333.817 0.119733 30.7452295872 5.74175260116
9228.83 334.481 0.111644 32.8660481045 7.48755854946
9476.75 335.115 0.0964861 32.9871415843 6.39075215808
9728.05 336.461 0.0895507 29.8611227563 4.67470854137
9982.73 336.969 0.0693807 30.2078689044 5.61942082854
10240.8 337.715 0.0539959 29.7506769506 3.19049436849
10502.2 338.485 0.0480087 29.3433007933 2.795128485
10767.0 339.221 0.0356302 29.6686215367 3.89387801678
11035.2 340.002 0.0272233 30.106961244 4.49383307908
11306.8 340.002 0.0211112 29.467156152 4.35382997234
11581.7 340.002 0.0161552 29.1181189382 3.22884168453
11860.0 340.002 0.012193 28.851055852 3.40372005252
12140.0 341.802 0.0100004 30.5912524427 2.70903185021
12420.0 347.402 0.0100005 30.0230605234 3.3900084704
12700.0 353.002 0.01 30.2015002866 3.66004780966
12980.0 358.602 0.0100004 29.2390908816 4.3808091857
13260.0 364.202 0.0100002 30.0703195365 3.90031703319
13540.0 369.802 0.0100002 29.0013039027 2.80784417252
13820.0 375.402 0.0100003 29.6698247901 3.15203330829
14100.0 381.002 0.01 29.9023726826 3.42418471216
14380.0 386.602 0.0100002 30.6930854192 3.60991340827
14660.0 392.202 0.0100001 29.4365016214 4.60676094499
14940.0 397.802 0.0100001 29.7307281533 3.18311165036
15220.0 403.402 0.0100001 29.1227083062 2.71434885176
15500.0 409.002 0.01 30.0621243228 3.56355966476
15780.0 414.602 0.01 30.2027482893 3.89501286445
16060.0 420.202 0.01 30.3769877099 3.00465016291
16340.0 425.802 0.01 29.8621633495 4.08317572947
16620.0 431.402 0.00999999 30.7117565553 2.77061898447
16900.0 437.002 0.01 29.8556619204 3.99825608122
17180.0 442.602 0.00999997 29.2427894295 3.82141354562
17460.0 448.202 0.00999997 30.2748791647 2.73915186333
17740.0 453.802 0.00999997 30.8042031722 4.27025575366
18020.0 459.402 0.00999993 29.6608001233 3.96597076599
