875.68 308.059 11.999
10.0 308.059 11.999 -3.53036169718 2.85702190689
30.0 308.094 11.8876 -4.03470950982 3.11997341116
50.0 308.13 11.7771 -6.70423765475 3.82858100922
70.0 308.147 11.7183 -7.3761359536 3.36284344613
90.0 308.157 11.6789 -9.18875545312 3.63102347596
110.0 308.179 11.6557 -8.55579728777 5.46845184084
130.0 308.216 11.6528 -9.45732971025 5.36666466444
150.0 308.251 11.6477 -9.10109715873 5.57180186456
170.0 308.27 11.6331 -10.1164584728 4.55020892973
190.0 308.289 11.6179 -10.0205141612 6.17126559048
210.0 308.3 11.5939 -10.0576427096 5.66756528612
230.0 308.309 11.5683 -9.58503905146 5.66298839726
250.0 308.323 11.5313 -8.74712366823 6.93590342118
270.0 308.341 11.487 -8.45209664673 6.04119904976
290.0 308.361 11.4411 -8.52880750206 6.2119730814
310.0 308.382 11.3919 -9.20260596439 6.07046281691
331.688 308.403 11.345 -9.6327064965 5.97550892551
356.753 308.42 11.3473 -9.61903512347 7.90125570575
385.195 308.439 11.3538 -8.66817032497 6.586559447
417.013 308.458 11.3695 -8.76884098122 7.13340883717
452.208 308.491 11.337 -8.76083796592 6.73323401449
490.779 308.527 11.2822 -7.67220776301 8.17817651998
532.727 308.568 11.2301 -6.85773725217 7.28157607737
578.052 308.627 11.1843 -8.6527295231 7.83167388546
626.753 308.69 11.1176 -8.29482090238 7.68924198671
678.831 308.745 11.0244 -7.51789338247 9.35141699563
734.286 308.815 10.9253 -7.79817081749 8.16636620322
793.117 308.939 10.8158 -6.77909757569 9.23927193893
855.325 309.151 10.6979 -4.92798653746 8.4429081416
920.909 309.488 10.4969 -4.11937006766 8.58021784396
989.87 309.881 10.1441 -3.35451702761 9.67973034857
1062.21 310.188 9.84216 -2.47490475648 9.01530236433
1137.92 310.418 9.50988 -2.69052211908 10.7020308572
1217.01 310.641 9.12642 -0.320922907862 10.2638083522
1299.48 310.898 8.71888 -0.650738770186 10.9752248578
1385.32 311.162 8.30908 0.600938260563 10.2160428239
1474.55 311.439 8.14204 0.74324541057 11.7468532668
1567.14 311.899 7.69201 3.04643983468 10.665389766
1663.12 312.237 7.42466 3.11927583951 11.5717125253
1762.47 312.492 7.16066 3.55945283894 10.3631593602
1865.19 312.927 6.58758 5.76943929799 10.3994377579
1971.3 313.427 6.15712 7.81002243216 10.3308411741
2080.78 313.883 5.78147 9.88627285124 10.8758980005
2193.64 314.235 5.42094 10.1424123359 9.95429323257
2309.87 314.587 5.03193 11.4623069944 8.817637476
2429.48 314.793 4.83555 11.5734646081 8.33894490688
2552.47 315.061 4.58509 12.5264449067 9.14161690079
2678.83 315.247 4.35779 13.6444692259 8.05195990994
2808.57 315.55 3.99363 14.9920042239 8.25118170765
2941.69 315.737 3.78931 15.5631456684 8.35642952974
3078.18 315.894 3.55644 14.9825880504 8.53919548158
3218.05 316.009 3.34406 16.2435430145 9.27832268603
3361.3 316.133 3.17526 15.2256328506 7.87119978691
3507.92 316.314 3.02613 14.9602030513 8.17132598074
3657.92 316.521 2.80523 16.1850609416 7.60401609794
3811.3 316.652 2.7258 16.0812715408 6.43446541924
3968.05 316.948 2.4292 15.7597188007 7.63871967682
4128.18 317.283 2.1853 16.8787229724 7.08490598732
4291.69 317.733 2.037 18.0074714833 6.12137642376
4458.57 318.369 1.87858 18.9090546294 5.48707987876
4628.83 318.96 1.78461 19.3317645921 5.24939848395
4802.47 319.916 1.36487 17.9615625963 4.02896433481
4979.48 320.574 1.37531 19.2004840968 4.60002269763
5159.87 321.199 1.13326 19.3893582589 5.32494943687
5343.64 321.726 0.961748 19.9762946437 3.21803371205
5530.78 322.413 0.954802 18.7196560847 3.31955697263
5721.3 323.42 0.732502 20.000717023 2.27193718791
5915.19 324.512 0.721617 19.9451594458 2.5242697451
6112.47 324.983 0.694901 21.6610944304 3.47835533815
6313.12 325.335 0.749235 20.9821427977 2.68641064458
6517.14 325.792 0.655267 21.5335977739 2.59945186704
6724.55 326.626 0.51606 22.7844736287 3.32037872079
6935.33 327.414 0.440731 24.0602319303 2.47721576832
7149.48 328.265 0.324969 25.5290931947 3.63686297215
7367.01 328.933 0.234545 26.0591264203 4.02693506676
7587.92 329.457 0.228971 27.0428687286 3.75886367022
7812.21 330.101 0.204973 28.4190807247 3.35591664316
8039.87 331.041 0.17868 29.495632006 4.56074481873
8270.91 331.851 0.1511 30.7333495476 4.72641735241
8505.32 332.575 0.149475 31.4154496968 5.96066194336
8743.12 333.227 0.13604 31.1810852745 6.27331693164
8984.29 333.817 0.119733 31.0279837737 5.63869542013
9228.83 334.481 0.111644 33.2465390626 7.77726357181
9476.75 335.115 0.0964861 33.2507246266 6.14568779219
9728.05 336.461 0.0895507 28.6574878073 3.81140498833
9982.73 336.969 0.0693807 29.36694852 5.35795816807
10240.8 337.715 0.0539959 29.637163155 3.49536553472
10502.2 338.485 0.0480087 30.4508112135 2.98503798876
10767.0 339.221 0.0356302 29.091834572 3.59170826646
11035.2 340.002 0.0272233 29.0373493981 3.30803092863
11306.8 340.002 0.0211112 30.1891696117 3.36383729515
11581.7 340.002 0.0161552 29.2224774045 2.72907128555
11860.0 340.002 0.012193 30.1307180854 4.23502467469
12140.0 341.802 0.0100004 29.405236481 3.605283853
12420.0 347.402 0.0100005 30.5311189866 2.87672311355
12700.0 353.002 0.01 30.742523872 3.82463591232
12980.0 358.602 0.0100004 30.1783134809 2.8319704194
13260.0 364.202 0.0100002 30.5965909257 3.45163188434
13540.0 369.802 0.0100002 29.258062805 3.50037989463
13820.0 375.402 0.0100003 30.0263854455 4.50532290429
14100.0 381.002 0.01 29.1758747277 3.47148242569
14380.0 386.602 0.0100002 29.4257926781 4.33375995736
14660.0 392.202 0.0100001 29.2843503835 2.66833223674
14940.0 397.802 0.0100001 29.1167914989 3.0298479735
15220.0 403.402 0.0100001 30.78741074 4.31552361893
15500.0 409.002 0.01 29.1943374923 4.22462917754
15780.0 414.602 0.01 29.6581171475 3.59661431587
16060.0 420.202 0.01 29.9619828909 4.01048109528
16340.0 425.802 0.01 30.4761537361 3.77795374966
16620.0 431.402 0.00999999 30.5775178004 4.05275929641
16900.0 437.002 0.01 29.029093345 3.76853610138
17180.0 442.602 0.00999997 28.9212970349 3.82558278855
17460.0 448.202 0.00999997 28.9510450518 3.3805544798
17740.0 453.802 0.00999997 30.4727849519 4.44274561222
18020.0 459.402 0.00999993 29.4798962984 3.83554186746
