875.68 308.059 11.999
10.0 308.059 11.999 -4.45374619977 2.39804255555
30.0 308.094 11.8876 -4.61564820955 2.82538193646
50.0 308.13 11.7771 -7.07794328437 3.21818776101
70.0 308.147 11.7183 -6.98176423192 4.66448828321
90.0 308.157 11.6789 -7.71679379721 3.79942203996
110.0 308.179 11.6557 -10.1586075485 4.09678550831
130.0 308.216 11.6528 -8.96555517795 4.64541892766
150.0 308.251 11.6477 -8.9368790243 4.69728930909
170.0 308.27 11.6331 -9.05332509308 5.2954684461
190.0 308.289 11.6179 -10.2689390338 5.87308995552
210.0 308.3 11.5939 -9.29344905778 4.95925755892
230.0 308.309 11.5683 -8.76177784204 6.67923619331
250.0 308.323 11.5313 -10.4185562145 5.66201499431
270.0 308.341 11.487 -8.41433704375 6.61290459481
290.0 308.361 11.4411 -9.66564813884 6.63145137417
310.0 308.382 11.3919 -9.33115194827 6.02829442171
331.688 308.403 11.345 -8.28383056864 6.53395180577
356.753 308.42 11.3473 -9.52613516657 5.96227364474
385.195 308.439 11.3538 -9.22801784471 7.10743355201
417.013 308.458 11.3695 -8.46273731282 6.51317432455
452.208 308.491 11.337 -8.36589007076 7.12880600987
490.779 308.527 11.2822 -7.92500997696 7.18598084428
532.727 308.568 11.2301 -7.90803785498 7.14898317616
578.052 308.627 11.1843 -6.84832625029 9.15990072733
626.753 308.69 11.1176 -7.04562560111 8.64237811359
678.831 308.745 11.0244 -7.06935365544 8.34604603986
734.286 308.815 10.9253 -5.9648403512 9.4450970017
793.117 308.939 10.8158 -7.06954787058 9.48011856688
855.325 309.151 10.6979 -4.58145809891 9.26193447042
920.909 309.488 10.4969 -3.86860390839 8.6417516628
989.87 309.881 10.1441 -3.96109944432 10.1624291917
1062.21 310.188 9.84216 -3.3940454796 10.1588299976
1137.92 310.418 9.50988 -1.49298534162 9.08457081696
1217.01 310.641 9.12642 -0.303640702838 9.75997344705
1299.48 310.898 8.71888 -0.0420820965486 9.98187599673
1385.32 311.162 8.30908 -0.588087465832 11.8117146036
1474.55 311.439 8.14204 0.615331646236 11.4472354713
1567.14 311.899 7.69201 3.22176488872 10.7780810933
1663.12 312.237 7.42466 2.26390437526 10.9232070868
1762.47 312.492 7.16066 4.74602342124 10.0404019202
1865.19 312.927 6.58758 5.42866148593 11.3388577628
1971.3 313.427 6.15712 7.3819563458 9.70989325354
2080.78 313.883 5.78147 8.53305611203 10.3509422186
2193.64 314.235 5.42094 10.8607879332 9.14741431827
2309.87 314.587 5.03193 12.536133466 10.0419162702
2429.48 314.793 4.83555 12.5923989251 9.55199650786
2552.47 315.061 4.58509 12.6346256212 8.94919065613
2678.83 315.247 4.35779 14.6792593475 9.18825033474
2808.57 315.55 3.99363 15.6458521747 7.57470992532
2941.69 315.737 3.78931 15.631194692 8.03641565157
3078.18 315.894 3.55644 15.3137456323 7.4913376733
3218.05 316.009 3.34406 14.3919986515 8.43593426315
3361.3 316.133 3.17526 15.6218652723 8.4104079525
3507.92 316.314 3.02613 15.2989049215 7.70483284209
3657.92 316.521 2.80523 15.6848609558 6.47841110581
3811.3 316.652 2.7258 15.4939354159 7.82784609657
3968.05 316.948 2.4292 16.2181508592 7.0586311095
4128.18 317.283 2.1853 17.4673651463 6.75854060299
4291.69 317.733 2.037 16.476767466 6.07769623229
4458.57 318.369 1.87858 18.4904903921 6.22490909489
4628.83 318.96 1.78461 18.8529182946 5.29153604373
4802.47 319.916 1.36487 18.0397220196 5.32643236002
4979.48 320.574 1.37531 18.900573688 4.16560260381
5159.87 321.199 1.13326 19.6517013393 4.16104313208
5343.64 321.726 0.961748 19.8376842249 3.25959277894
5530.78 322.413 0.954802 19.2707973403 3.68348826443
5721.3 323.42 0.732502 20.2561863089 3.68138968184
5915.19 324.512 0.721617 20.4646341202 3.42573850843
6112.47 324.983 0.694901 22.4674498284 2.25073772588
6313.12 325.335 0.749235 22.3345026914 1.30678085301
6517.14 325.792 0.655267 21.3389642112 1.76394511381
6724.55 326.626 0.51606 23.64870931 3.59444864564
6935.33 327.414 0.440731 24.5458645225 1.99867804538
7149.48 328.265 0.324969 25.6881449082 2.84857317345
7367.01 328.933 0.234545 25.9167828502 3.64444561485
7587.92 329.457 0.228971 26.8547769666 4.15575005805
7812.21 330.101 0.204973 28.5916463356 4.1708679985
8039.87 331.041 0.17868 29.0460140554 3.15985323227
8270.91 331.851 0.1511 30.4048211422 5.23873165105
8505.32 332.575 0.149475 30.2704766909 5.52253293898
8743.12 333.227 0.13604 30.6638599731 6.75782131178
8984.29 333.817 0.119733 31.2916126808 4.34711673784
9228.83 334.481 0.111644 31.4010533654 7.44233348326
9476.75 335.115 0.0964861 32.4671580862 5.42126076555
9728.05 336.461 0.0895507 29.727320621 5.05068470309
9982.73 336.969 0.0693807 29.4499821165 5.0586148247
10240.8 337.715 0.0539959 29.3761297474 2.99125697381
10502.2 338.485 0.0480087 29.4390027675 1.35573328532
10767.0 339.221 0.0356302 28.1910544794 2.22829359063
11035.2 340.002 0.0272233 29.0036054008 4.60760450396
11306.8 340.002 0.0211112 30.4881924 2.64602718928
11581.7 340.002 0.0161552 30.0530580361 3.35628143211
11860.0 340.002 0.012193 29.968383548 2.82014916688
12140.0 341.802 0.0100004 29.7213962568 3.81639068174
12420.0 347.402 0.0100005 30.7279937693 3.88157246054
12700.0 353.002 0.01 30.6274535773 3.06058948842
12980.0 358.602 0.0100004 29.4176935914 3.88815682098
13260.0 364.202 0.0100002 28.929072158 2.95207250455
13540.0 369.802 0.0100002 30.0367480865 4.43416759057
13820.0 375.402 0.0100003 30.4746589537 3.03362416165
14100.0 381.002 0.01 29.5494399339 3.42551592262
14380.0 386.602 0.0100002 28.8898936389 3.74880222255
14660.0 392.202 0.0100001 30.7877888571 3.7698738262
14940.0 397.802 0.0100001 30.7842914257 2.71327395143
15220.0 403.402 0.0100001 30.7019836703 3.03235139001
15500.0 409.002 0.01 29.7017683728 2.68984902275
15780.0 414.602 0.01 29.1137074063 2.8649303926
16060.0 420.202 0.01 30.3823162213 3.03724758126
16340.0 425.802 0.01 29.3290621971 4.30473448158
16620.0 431.402 0.00999999 29.7228846596 3.46007855731
16900.0 437.002 0.01 29.4023641265 3.94608085422
17180.0 442.602 0.00999997 29.0782400874 4.10113356082
17460.0 448.202 0.00999997 30.1334303334 4.57013149771
17740.0 453.802 0.00999997 30.557508623 4.6153837567
18020.0 459.402 0.00999993 30.5616202023 3.62767932516
