875.68 308.059 11.999
10.0 308.059 11.999 -3.66559757344 2.80840103922
30.0 308.094 11.8876 -5.06681301309 2.09473896573
50.0 308.13 11.7771 -5.81005272887 3.25465297807
70.0 308.147 11.7183 -8.43467497937 4.45423088992
90.0 308.157 11.6789 -8.56072361352 4.53700184151
110.0 308.179 11.6557 -9.25773508278 5.8780173743
130.0 308.216 11.6528 -9.39020422054 4.25973473012
150.0 308.251 11.6477 -9.58029822407 4.65093102885
170.0 308.27 11.6331 -10.1691738422 4.88269107739
190.0 308.289 11.6179 -10.4329898082 6.443592546
210.0 308.3 11.5939 -9.27382825494 5.25521330391
230.0 308.309 11.5683 -8.99066466028 5.42810600284
250.0 308.323 11.5313 -10.4439225256 6.16569397981
270.0 308.341 11.487 -9.58719891992 5.38276326624
290.0 308.361 11.4411 -9.62934979063 5.61952953276
310.0 308.382 11.3919 -8.48100462236 6.56925576997
331.688 308.403 11.345 -8.64794383092 6.64041010761
356.753 308.42 11.3473 -9.32948407369 6.70606598489
385.195 308.439 11.3538 -8.63922543769 6.43434266397
417.013 308.458 11.3695 -8.53583707736 7.41108131292
452.208 308.491 11.337 -8.11698938589 6.7864674634
490.779 308.527 11.2822 -8.25612004177 7.65667310041
532.727 308.568 11.2301 -8.75565808759 8.09361323501
578.052 308.627 11.1843 -7.78117715746 8.11677928802
626.753 308.69 11.1176 -7.4165607486 8.99490414148
678.831 308.745 11.0244 -6.72269274044 8.30254870297
734.286 308.815 10.9253 -6.5038899817 7.94307438595
793.117 308.939 10.8158 -7.2114303172 9.15842394659
855.325 309.151 10.6979 -5.63450646819 8.34803138457
920.909 309.488 10.4969 -4.48187149079 10.1521480636
989.87 309.881 10.1441 -2.50319745182 10.1375319706
1062.21 310.188 9.84216 -3.38880368473 10.1238546297
1137.92 310.418 9.50988 -1.80785990942 10.0065855325
1217.01 310.641 9.12642 -0.224385789952 9.5680432945
1299.48 310.898 8.71888 -0.530453752948 10.878301363
1385.32 311.162 8.30908 -0.531803376335 11.0873712966
1474.55 311.439 8.14204 0.823435752087 10.5195915766
1567.14 311.899 7.69201 2.91018624381 11.5864869647
1663.12 312.237 7.42466 3.27476420802 10.4820922698
1762.47 312.492 7.16066 4.95399626121 11.7390541166
1865.19 312.927 6.58758 5.79760292612 10.3407434806
1971.3 313.427 6.15712 7.08170983651 10.8764748159
2080.78 313.883 5.78147 9.22049243512 10.8738146985
2193.64 314.235 5.42094 10.813176126 10.2390268338
2309.87 314.587 5.03193 12.2689878148 8.58944146684
2429.48 314.793 4.83555 11.4650231992 9.65588746962
2552.47 315.061 4.58509 13.0459754214 9.10754957072
2678.83 315.247 4.35779 13.0193504171 8.57312191533
2808.57 315.55 3.99363 14.8858888097 8.15603210636
2941.69 315.737 3.78931 15.6989119353 7.90279299288
3078.18 315.894 3.55644 14.3694391215 8.90250811533
3218.05 316.009 3.34406 15.1780699756 8.46759110806
3361.3 316.133 3.17526 16.2542986419 8.32275035132
3507.92 316.314 3.02613 14.7885879673 6.85533954348
3657.92 316.521 2.80523 14.9543417818 7.91788975269
3811.3 316.652 2.7258 15.0874209384 8.08345675675
3968.05 316.948 2.4292 15.7501208945 7.29340558118
4128.18 317.283 2.1853 17.3573782154 6.30203821746
4291.69 317.733 2.037 16.802573822 7.22019999001
4458.57 318.369 1.87858 17.2696949811 5.8513059885
4628.83 318.96 1.78461 18.3439159775 5.36488070707
4802.47 319.916 1.36487 19.1200820433 3.99000383478
4979.48 320.574 1.37531 17.9803404206 3.91075837541
5159.87 321.199 1.13326 18.7859238053 4.20106331774
5343.64 321.726 0.961748 20.3056009515 4.44725593992
5530.78 322.413 0.954802 19.4026976805 4.58539341245
5721.3 323.42 0.732502 19.3875857756 3.32103894149
5915.19 324.512 0.721617 20.4475667321 2.44281939503
6112.47 324.983 0.694901 21.8897273312 2.37528151725
6313.12 325.335 0.749235 22.037703552 2.66505383118
6517.14 325.792 0.655267 22.3285828662 2.20266431437
6724.55 326.626 0.51606 23.0328347409 3.54314066532
6935.33 327.414 0.440731 25.4310672388 3.57243786488
7149.48 328.265 0.324969 26.5542189677 3.67190124659
7367.01 328.933 0.234545 27.0248946148 5.246776203
7587.92 329.457 0.228971 26.5199473577 3.89892893403
7812.21 330.101 0.204973 27.5772483157 3.42481061364
8039.87 331.041 0.17868 30.2056916634 3.91468848602
8270.91 331.851 0.1511 30.8756385709 5.02882419145
8505.32 332.575 0.149475 31.7925352768 4.94042062344
8743.12 333.227 0.13604 31.2814483819 6.56297566559
8984.29 333.817 0.119733 29.989531712 5.73132047104
9228.83 334.481 0.111644 32.3489073444 6.76280760933
9476.75 335.115 0.0964861 32.8240644603 5.16091192683
9728.05 336.461 0.0895507 28.8473157182 4.49604411694
9982.73 336.969 0.0693807 28.3217021842 4.94451896198
10240.8 337.715 0.0539959 28.102215143 2.72609793681
10502.2 338.485 0.0480087 31.3113071197 1.10975871704
10767.0 339.221 0.0356302 28.0894449695 3.60807981197
11035.2 340.002 0.0272233 30.3878830177 4.36543304735
11306.8 340.002 0.0211112 30.6600032053 2.8181253807
11581.7 340.002 0.0161552 30.639939305 4.51070245201
11860.0 340.002 0.012193 30.1393149401 4.19932463016
12140.0 341.802 0.0100004 30.6790680513 2.84107281687
12420.0 347.402 0.0100005 29.7277523379 4.41180816202
12700.0 353.002 0.01 29.5528134462 2.73017360121
12980.0 358.602 0.0100004 30.2813398122 2.70758485853
13260.0 364.202 0.0100002 29.503572079 3.69334662051
13540.0 369.802 0.0100002 30.6229672837 3.87706302697
13820.0 375.402 0.0100003 30.4013077091 4.5857680139
14100.0 381.002 0.01 30.2208354146 3.49439079466
14380.0 386.602 0.0100002 30.7288447313 3.73960085653
14660.0 392.202 0.0100001 29.3234384812 3.26124495582
14940.0 397.802 0.0100001 29.6969259184 3.94168922722
15220.0 403.402 0.0100001 30.6656523622 4.19088373433
15500.0 409.002 0.01 28.954961441 4.13661094671
15780.0 414.602 0.01 30.7471216222 3.67074906337
16060.0 420.202 0.01 29.9476571925 4.05510766008
16340.0 425.802 0.01 30.2574262556 2.79677071886
16620.0 431.402 0.00999999 30.2772565233 3.1306294097
16900.0 437.002 0.01 29.2333444358 3.83354157286
17180.0 442.602 0.00999997 30.2647253916 2.90913271887
17460.0 448.202 0.00999997 30.5688645241 3.61210692494
17740.0 453.802 0.00999997 29.1988627666 3.13039418128
18020.0 459.402 0.00999993 30.2090217424 2.91391311925
