875.68 308.059 11.999
10.0 308.059 11.999 -3.52884039151 1.7846678985
30.0 308.094 11.8876 -4.65659728155 2.09540660467
50.0 308.13 11.7771 -5.46974039287 3.65375151264
70.0 308.147 11.7183 -7.62584796321 4.69049204029
90.0 308.157 11.6789 -7.55174051133 5.15143025922
110.0 308.179 11.6557 -9.26962251826 4.96913289425
130.0 308.216 11.6528 -10.443257849 4.14109180219
150.0 308.251 11.6477 -10.0153701212 5.76784157497
170.0 308.27 11.6331 -9.45980689134 5.66355556482
190.0 308.289 11.6179 -8.95710438937 5.01482328018
210.0 308.3 11.5939 -8.75120883995 6.32160132886
230.0 308.309 11.5683 -10.2425980591 5.09907197139
250.0 308.323 11.5313 -9.53163160362 5.67959008348
270.0 308.341 11.487 -9.42688140359 5.82480907277
290.0 308.361 11.4411 -8.14870232445 6.40692673638
310.0 308.382 11.3919 -9.35977127368 5.76917845991
331.688 308.403 11.345 -9.49203051949 7.30618954174
356.753 308.42 11.3473 -8.91742761275 6.51354578432
385.195 308.439 11.3538 -8.98975097306 6.24042699266
417.013 308.458 11.3695 -8.87204472456 6.70265193516
452.208 308.491 11.337 -7.38461182561 6.88225620453
490.779 308.527 11.2822 -7.96725260698 6.84720098883
532.727 308.568 11.2301 -8.34639592874 7.98760755497
578.052 308.627 11.1843 -8.71235530318 7.81359563226
626.753 308.69 11.1176 -7.41868381102 7.84163831332
678.831 308.745 11.0244 -7.53775362516 7.99044299085
734.286 308.815 10.9253 -6.00640388615 8.49262238109
793.117 308.939 10.8158 -6.88591413069 8.17522274221
855.325 309.151 10.6979 -5.67444763211 9.92642273413
920.909 309.488 10.4969 -4.42274291952 9.21391687948
989.87 309.881 10.1441 -3.71383617931 10.0331972552
1062.21 310.188 9.84216 -2.50298772645 9.57228621296
1137.92 310.418 9.50988 -1.74418262752 9.01866740999
1217.01 310.641 9.12642 -0.647257397911 9.31604003292
1299.48 310.898 8.71888 -0.50221152333 11.2540574309
1385.32 311.162 8.30908 0.714056179086 11.474573381
1474.55 311.439 8.14204 1.42805805465 10.2604918484
1567.14 311.899 7.69201 3.09645495129 11.3852454038
1663.12 312.237 7.42466 2.40923958699 11.3122212708
1762.47 312.492 7.16066 3.18491793007 10.8814951819
1865.19 312.927 6.58758 6.47665541819 10.5860490802
1971.3 313.427 6.15712 6.75946685847 10.0013488324
2080.78 313.883 5.78147 8.16807605874 10.9482709714
2193.64 314.235 5.42094 11.4066136296 9.02020039028
2309.87 314.587 5.03193 11.1527765845 9.93168442303
2429.48 314.793 4.83555 12.051501369 8.98008844544
2552.47 315.061 4.58509 12.5429144177 9.18570707565
2678.83 315.247 4.35779 14.0822593188 9.11596369649
2808.57 315.55 3.99363 14.1050986099 7.42789794162
2941.69 315.737 3.78931 14.0896473603 8.77793213344
3078.18 315.894 3.55644 15.8930394242 8.92468619531
3218.05 316.009 3.34406 14.9710962082 8.61280608403
3361.3 316.133 3.17526 15.78353503 8.01881721425
3507.92 316.314 3.02613 14.96302989 7.09330343762
3657.92 316.521 2.80523 14.8710413552 7.94436059174
3811.3 316.652 2.7258 16.0239932887 6.93987990254
3968.05 316.948 2.4292 15.8104850854 8.02768030185
4128.18 317.283 2.1853 16.3087564762 7.2396580195
4291.69 317.733 2.037 17.9545010667 5.63159032367
4458.57 318.369 1.87858 18.5096069383 6.27013169334
4628.83 318.96 1.78461 18.3062282979 6.5299467374
4802.47 319.916 1.36487 18.3484777224 4.16175733893
4979.48 320.574 1.37531 19.5080238514 4.02340901152
5159.87 321.199 1.13326 19.2642506237 4.97847892205
5343.64 321.726 0.961748 18.5108231977 3.44100555189
5530.78 322.413 0.954802 20.1245087889 3.95355542673
5721.3 323.42 0.732502 19.8523578063 2.92174256058
5915.19 324.512 0.721617 21.8721035278 3.31365086918
6112.47 324.983 0.694901 21.5439338363 3.11647489056
6313.12 325.335 0.749235 22.7098032848 2.54204210685
6517.14 325.792 0.655267 21.7544643891 1.58098836904
6724.55 326.626 0.51606 24.0503688 3.58046857563
6935.33 327.414 0.440731 24.4826115225 2.21409757195
7149.48 328.265 0.324969 26.1631717516 3.54602176198
7367.01 328.933 0.234545 27.0509030671 4.61763526237
7587.92 329.457 0.228971 26.3851121685 4.84880784311
7812.21 330.101 0.204973 27.8184717776 4.91427611811
8039.87 331.041 0.17868 29.133949495 4.42088146949
8270.91 331.851 0.1511 31.1800804062 4.16217164548
8505.32 332.575 0.149475 30.109025598 5.11473468892
8743.12 333.227 0.13604 29.6612014289 6.24596476328
8984.29 333.817 0.119733 31.8139664758 5.05838856965
9228.83 334.481 0.111644 31.6093583205 6.18129954727
9476.75 335.115 0.0964861 32.6125337076 5.46581613289
9728.05 336.461 0.0895507 29.2504165071 5.18963710271
9982.73 336.969 0.0693807 28.8003065643 5.47928287172
10240.8 337.715 0.0539959 28.783000561 3.20230171035
10502.2 338.485 0.0480087 31.1002815167 1.88998915423
10767.0 339.221 0.0356302 29.2320446792 2.86612250223
11035.2 340.002 0.0272233 28.8519186844 3.74134842548
11306.8 340.002 0.0211112 28.8792441952 3.62937847711
11581.7 340.002 0.0161552 29.2250342846 3.08187317281
11860.0 340.002 0.012193 30.1774965538 2.70759401694
12140.0 341.802 0.0100004 29.466336664 3.04222898479
12420.0 347.402 0.0100005 30.573951686 3.43846896178
12700.0 353.002 0.01 30.4636567782 3.38403219201
12980.0 358.602 0.0100004 30.753763953 3.6275356713
13260.0 364.202 0.0100002 29.6529736886 3.04243115688
13540.0 369.802 0.0100002 29.8707221338 3.40591543774
13820.0 375.402 0.0100003 29.43847404 2.67230117854
14100.0 381.002 0.01 30.0428551042 3.9951381452
14380.0 386.602 0.0100002 30.29326451 2.82714639131
14660.0 392.202 0.0100001 30.6622913271 3.80755011682
14940.0 397.802 0.0100001 28.9083996751 3.53929248015
15220.0 403.402 0.0100001 29.1750800511 2.78681432894
15500.0 409.002 0.01 30.3392022172 3.40589886067
15780.0 414.602 0.01 29.9646317443 3.03907545366
16060.0 420.202 0.01 29.2692416337 4.18077605641
16340.0 425.802 0.01 30.1495028993 2.69372177934
16620.0 431.402 0.00999999 29.8426900534 3.89336361651
16900.0 437.002 0.01 29.0720858503 3.92587001526
17180.0 442.602 0.00999997 30.1632310748 3.5512341394
17460.0 448.202 0.00999997 29.3000753682 3.20031329382
17740.0 453.802 0.00999997 30.6855132562 2.88553849361
18020.0 459.402 0.00999993 30.3525860909 3.01551847142
